ANDERSON	23 of 23 precinct reporting	11,103	15,062	3,234	3,934	96	132	21	22	0	0	4	4	0	0	0	0	1	1	0	0	0	0	0	0	0	0	19,155	29,274	65.43%
ANDREWS	5 of 5 precinct reporting	4,025	4,937	700	849	45	60	6	10	0	0	0	0	0	0	0	0	0	0	0	0	0	0	0	0	0	0	5,856	10,272	57.01%
ANGELINA	43 of 43 precinct reporting	20,655	25,070	7,713	9,136	199	273	54	75	49	68	3	3	0	0	0	0	2	2	1	1	0	0	0	0	0	0	34,628	53,166	65.13%
ARANSAS	6 of 6 precinct reporting	8,220	9,210	2,653	2,896	84	103	26	31	0	0	0	1	0	0	0	0	0	0	0	0	0	0	0	0	0	0	12,241	18,306	66.87%
ARCHER	12 of 12 precinct reporting	3,236	4,300	356	446	28	45	2	4	0	0	0	0	1	1	0	0	0	0	0	0	0	0	0	0	0	0	4,796	6,538	73.36%
ARMSTRONG	8 of 8 precinct reporting	784	1,035	61	75	1	2	0	0	0	0	0	0	0	0	0	0	0	0	0	0	0	0	0	0	0	0	1,112	1,498	74.23%
ATASCOSA	25 of 25 precinct reporting	9,761	12,020	4,842	5,865	112	142	44	58	0	0	0	0	0	0	0	0	0	0	0	0	0	0	0	0	0	0	18,085	29,409	61.49%
AUSTIN	18 of 18 precinct reporting	8,997	11,282	2,436	2,931	91	122	26	33	0	0	0	0	0	0	0	0	0	0	0	0	0	0	0	0	0	0	14,368	20,293	70.80%
BAILEY	5 of 5 precinct reporting	1,021	1,430	253	407	7	14	0	2	0	0	1	1	0	0	0	0	0	0	0	0	0	0	0	0	0	0	1,854	3,539	52.39%
BANDERA	11 of 11 precinct reporting	8,665	10,050	2,295	2,503	92	120	22	30	0	0	0	0	0	0	0	0	0	0	0	0	0	0	0	0	0	0	12,703	17,098	74.30%
BASTROP	23 of 23 precinct reporting	16,881	20,486	13,890	15,452	406	530	107	128	0	0	5	6	2	2	1	1	2	2	4	4	0	0	0	0	0	1	36,612	52,096	70.28%
BAYLOR	5 of 5 precinct reporting	1,211	1,478	145	179	16	22	1	1	0	0	0	0	0	0	0	0	0	0	0	0	0	0	0	0	0	0	1,680	2,408	69.77%
BEE	18 of 18 precinct reporting	4,688	5,999	2,753	3,280	68	93	21	27	0	0	2	2	0	0	2	2	0	0	1	1	1	1	0	0	0	0	9,405	16,033	58.66%
BELL	49 of 49 precinct reporting	53,404	67,113	47,880	56,032	1,303	1,940	318	430	0	1	22	29	1	1	0	2	3	6	2	3	0	0	2	2	0	0	125,559	215,974	58.14%
BEXAR	767 of 767 precinct reporting	266,145	303,871	397,338	440,823	6,853	8,575	2,237	2,752	2	2	2	2	2	2	2	2	2	2	2	2	2	2	2	2	2	2	756,039	1,189,373	63.57%
BLANCO	7 of 7 precinct reporting	4,613	5,429	1,752	1,905	56	70	11	15	0	0	0	0	0	0	0	0	0	0	0	0	0	0	0	0	0	0	7,419	9,344	79.40%
BORDEN	8 of 8 precinct reporting	294	395	11	16	1	1	0	0	0	0	0	0	0	0	0	0	0	0	0	0	0	0	0	0	0	0	412	499	82.57%
BOSQUE	12 of 12 precinct reporting	5,274	7,446	1,201	1,552	50	83	10	13	0	0	0	0	0	0	0	0	0	0	0	0	0	0	0	0	0	0	9,094	12,724	71.47%
BOWIE	43 of 43 precinct reporting	20,555	27,053	9,153	10,692	198	297	68	90	0	0	3	4	0	0	1	1	0	1	0	0	0	0	0	0	0	0	38,138	61,407	62.11%
BRAZORIA	67 of 67 precinct reporting	80,822	89,939	56,749	61,780	1,494	1,856	345	417	0	0	23	27	3	3	1	1	5	5	4	6	0	0	1	2	0	1	154,037	224,256	68.69%
BRAZOS	99 of 99 precinct reporting	39,853	47,456	30,536	35,242	1,295	1,803	163	252	0	0	0	0	0	0	0	0	0	0	0	0	0	0	0	0	0	0	84,753	122,137	69.39%
BREWSTER	9 of 9 precinct reporting	1,985	2,451	1,916	2,251	68	89	9	14	0	0	0	0	0	0	0	0	0	0	0	0	0	0	0	0	0	0	4,805	7,524	63.86%
BRISCOE	6 of 6 precinct reporting	396	639	51	77	5	7	0	1	0	0	0	0	0	0	0	0	0	0	0	0	0	0	0	0	0	0	724	1,025	70.63%
BROOKS	6 of 6 precinct reporting	650	998	1,159	1,470	7	10	5	6	0	0	0	0	0	0	0	0	0	0	0	0	0	0	0	0	0	0	2,484	5,521	44.99%
BROWN	19 of 19 precinct reporting	10,745	13,681	1,704	2,103	80	132	15	24	0	0	0	0	0	0	0	0	0	0	0	0	0	0	0	0	0	0	15,940	23,954	66.54%
BURLESON	14 of 14 precinct reporting	5,182	6,740	1,451	1,786	34	63	13	15	0	0	0	0	0	0	0	0	0	0	0	0	0	0	0	0	0	0	8,604	12,440	69.16%
BURNET	21 of 21 precinct reporting	15,673	18,721	4,932	5,615	203	266	25	34	0	0	2	2	1	1	1	1	2	5	0	0	0	0	1	1	0	0	24,646	33,697	73.14%
CALDWELL	32 of 32 precinct reporting	6,577	7,975	5,550	6,536	141	185	31	46	0	0	0	0	0	0	0	0	0	0	0	0	0	0	0	0	21	33	14,775	25,945	56.95%
CALHOUN	26 of 26 precinct reporting	3,878	5,640	1,769	2,146	43	61	5	6	0	0	0	0	0	0	0	0	0	0	0	0	0	0	0	0	0	0	7,853	13,080	60.04%
CALLAHAN	8 of 8 precinct reporting	4,819	6,006	623	734	43	71	10	15	0	0	0	0	0	0	0	0	0	0	0	0	0	0	0	0	0	0	6,826	9,773	69.85%
CAMERON	104 of 104 precinct reporting	40,303	48,834	54,592	63,732	574	725	275	334	0	0	8	8	0	0	0	0	0	0	1	1	0	0	0	0	1	1	113,635	218,910	51.91%
CAMP	5 of 5 precinct reporting	3,119	3,626	1,147	1,392	24	31	5	7	0	0	1	1	0	0	0	0	0	0	0	0	0	0	0	0	0	0	5,057	7,904	63.98%
CARSON	9 of 9 precinct reporting	1,649	2,747	216	289	23	36	2	3	0	1	5	5	0	0	0	0	0	0	0	0	0	0	0	0	0	0	3,081	4,345	70.91%
CASS	19 of 19 precinct reporting	8,424	10,979	2,281	2,777	56	79	10	17	0	2	0	0	0	0	0	0	2	2	0	0	0	0	0	0	0	0	13,856	20,889	66.33%
CASTRO	9 of 9 precinct reporting	834	1,601	269	466	2	9	1	6	0	0	0	0	0	0	0	0	0	0	0	0	0	0	0	0	0	0	2,082	3,853	54.04%
CHAMBERS	15 of 15 precinct reporting	15,380	17,343	3,457	3,997	201	250	34	49	0	0	1	1	0	0	0	0	0	0	0	0	0	0	0	0	1	1	21,641	30,709	70.47%
CHEROKEE	25 of 25 precinct reporting	11,818	15,065	3,502	4,196	116	160	24	36	0	0	0	0	0	0	0	0	0	0	0	0	0	0	0	0	0	0	19,457	29,166	66.71%
CHILDRESS	5 of 5 precinct reporting	1,525	1,928	244	305	12	18	4	8	0	0	0	0	0	0	0	0	0	0	0	0	0	0	0	0	0	0	2,259	3,658	61.76%
CLAY	17 of 17 precinct reporting	3,659	5,064	474	614	28	46	5	12	0	0	0	0	0	0	0	0	0	0	0	0	0	0	0	0	0	0	5,736	7,959	72.07%
COCHRAN	4 of 4 precinct reporting	550	806	118	176	5	11	3	3	0	0	0	0	0	0	0	0	0	0	0	0	0	0	0	0	0	0	996	1,771	56.24%
COKE	5 of 5 precinct reporting	1,104	1,565	168	215	4	9	2	5	0	0	0	0	0	0	0	0	0	0	0	0	0	0	0	0	0	0	1,794	2,414	74.32%
COLEMAN	5 of 5 precinct reporting	3,126	3,638	393	450	19	23	7	9	0	0	0	0	0	0	0	0	0	0	0	0	0	0	0	0	0	0	4,120	5,960	69.13%
COLLIN	240 of 240 precinct reporting	229,730	250,194	213,187	227,868	5,094	6,038	1,028	1,223	0	0	0	0	0	0	0	0	0	0	0	0	0	0	0	0	0	0	485,323	648,670	74.82%
COLLINGSWORTH	8 of 8 precinct reporting	724	1,048	112	155	8	12	1	1	0	2	0	0	0	0	0	0	0	0	0	0	0	0	0	0	0	0	1,218	1,942	62.72%
COLORADO	5 of 5 precinct reporting	5,894	7,440	2,076	2,403	38	49	14	19	0	0	0	0	0	0	0	0	0	0	0	0	0	0	0	0	1	1	9,912	14,378	68.94%
COMAL	30 of 30 precinct reporting	56,111	62,260	22,457	24,369	843	1,094	155	190	0	0	16	18	0	0	2	2	4	9	0	0	0	0	0	0	0	0	87,942	115,876	75.89%
COMANCHE	15 of 15 precinct reporting	3,965	5,177	686	852	26	49	2	5	0	0	1	1	0	0	0	0	0	0	0	0	0	0	0	0	0	0	6,084	9,562	63.63%
CONCHO	9 of 9 precinct reporting	636	1,058	138	197	7	10	2	3	0	0	0	0	0	0	0	0	0	0	0	0	0	0	0	0	0	0	1,268	1,757	72.17%
COOKE	30 of 30 precinct reporting	10,956	15,579	2,555	3,205	100	156	19	26	0	0	7	7	0	0	0	0	1	1	0	0	0	0	0	0	0	0	18,974	27,268	69.58%
CORYELL	16 of 16 precinct reporting	12,453	15,397	6,479	7,542	285	406	57	77	0	0	0	0	1	1	1	1	1	1	0	0	0	0	0	0	0	0	23,425	41,450	56.51%
COTTLE	5 of 5 precinct reporting	399	543	88	113	4	6	1	3	0	0	0	0	0	0	0	0	0	0	0	0	0	0	0	0	0	0	665	1,041	63.88%
CRANE	4 of 4 precinct reporting	906	1,247	170	241	7	10	2	4	0	0	0	0	0	0	0	0	0	0	1	1	0	0	0	0	0	0	1,503	2,663	56.44%
CROCKETT	5 of 5 precinct reporting	939	1,219	269	344	4	9	0	1	0	0	0	0	0	0	0	0	0	0	0	0	0	0	0	0	0	0	1,573	2,473	63.61%
CROSBY	5 of 5 precinct reporting	868	1,396	337	527	12	22	4	8	0	0	0	0	0	0	0	0	0	0	0	0	0	0	0	0	0	0	1,953	3,629	53.82%
CULBERSON	6 of 6 precinct reporting	256	415	297	438	4	9	1	2	0	0	0	0	0	0	0	0	0	0	0	0	0	0	0	0	0	0	864	1,709	50.56%
DALLAM	10 of 10 precinct reporting	889	1,386	128	196	8	18	4	5	0	0	0	0	0	0	0	0	0	0	0	0	0	0	0	0	0	0	1,605	3,046	52.69%
DALLAS	1,170 of 1,170 precinct reporting	262,198	306,572	527,822	597,407	7,292	9,606	2,738	3,660	0	0	0	0	0	0	0	0	0	0	0	0	0	0	0	0	0	0	917,245	1,398,469	65.59%
DAWSON	10 of 10 precinct reporting	2,307	2,951	589	808	18	25	4	5	0	0	0	0	0	0	0	0	0	0	0	0	0	0	0	0	0	0	3,789	7,104	53.34%
DEAF SMITH	5 of 5 precinct reporting	2,672	3,293	925	1,263	23	35	14	17	0	0	0	0	0	0	0	0	0	0	0	0	0	0	0	0	0	0	4,608	8,900	51.78%
DELTA	8 of 8 precinct reporting	1,485	2,157	327	403	15	24	2	3	0	0	0	0	0	0	0	0	0	0	0	0	0	0	0	0	0	0	2,587	3,949	65.51%
DENTON	186 of 186 precinct reporting	202,732	221,829	174,573	188,023	4,524	5,395	914	1,089	2	2	179	205	7	11	3	3	9	13	20	22	3	3	6	6	8	9	416,610	565,089	73.72%
DEWITT	10 of 10 precinct reporting	5,000	6,567	1,187	1,494	35	46	7	11	0	0	0	0	0	0	0	0	0	0	0	0	0	0	0	0	0	0	8,118	12,094	67.12%
DICKENS	7 of 7 precinct reporting	586	850	87	130	2	3	1	2	0	0	0	0	0	0	0	0	0	0	0	0	0	0	0	0	0	0	985	1,328	74.17%
DIMMIT	8 of 8 precinct reporting	852	1,384	1,592	2,264	8	10	3	8	0	0	0	0	0	0	0	0	0	0	0	0	0	0	0	0	0	0	3,666	7,341	49.94%
DONLEY	7 of 7 precinct reporting	1,009	1,438	143	198	6	11	0	1	0	0	0	0	0	0	0	0	0	0	0	0	0	0	0	0	0	0	1,648	2,322	70.97%
DUVAL	10 of 10 precinct reporting	1,799	2,442	2,124	2,573	12	22	10	13	0	0	0	0	0	0	0	0	0	0	0	0	0	0	0	0	0	0	5,050	8,346	60.51%
EASTLAND	10 of 10 precinct reporting	5,683	7,216	792	982	35	60	10	12	0	0	0	0	0	0	0	0	0	0	0	0	0	0	0	0	1	1	8,271	12,230	67.63%
ECTOR	41 of 41 precinct reporting	25,867	32,586	9,211	11,310	292	428	56	89	0	0	0	0	2	2	1	1	0	0	0	0	0	0	1	1	0	0	44,417	80,872	54.92%
EDWARDS	5 of 5 precinct reporting	646	893	125	166	2	5	0	0	0	0	0	0	0	0	0	0	0	0	0	0	0	0	0	0	0	0	1,064	1,499	70.98%
ELLIS	50 of 50 precinct reporting	49,638	56,651	24,503	27,513	734	951	168	220	0	0	23	26	4	5	0	0	3	3	1	1	0	0	1	1	0	0	85,371	120,188	71.03%
EL PASO	209 of 209 precinct reporting	64,886	81,235	143,224	168,801	1,908	2,592	1,027	1,401	0	0	0	0	0	0	0	0	0	0	0	0	0	0	0	0	0	0	254,029	488,470	52.01%
ERATH	22 of 22 precinct reporting	11,028	13,669	2,407	2,914	164	217	26	35	0	0	0	1	1	1	0	0	0	0	0	0	0	0	0	0	0	0	16,837	23,935	70.34%
FALLS	13 of 13 precinct reporting	2,342	4,177	1,306	1,899	27	44	8	13	0	0	0	0	0	0	0	0	0	0	0	0	0	0	0	0	0	0	6,133	10,361	59.19%
FANNIN	17 of 17 precinct reporting	8,804	12,150	2,124	2,638	94	155	16	23	0	0	3	3	0	0	0	0	0	0	0	0	0	0	0	0	0	0	14,969	22,199	67.43%
FAYETTE	27 of 27 precinct reporting	7,185	10,163	2,032	2,650	53	83	17	26	0	0	2	2	0	0	0	0	0	0	0	0	0	0	0	0	0	0	12,924	17,398	74.28%
FISHER	5 of 5 precinct reporting	1,022	1,448	262	352	17	21	3	5	0	0	0	0	0	0	0	0	0	0	0	0	0	0	0	0	0	0	1,826	2,646	69.01%
FLOYD	7 of 7 precinct reporting	1,314	1,581	339	437	8	15	2	2	0	0	0	0	0	0	0	0	0	0	0	0	0	0	0	0	0	0	2,035	3,850	52.86%
FOARD	5 of 5 precinct reporting	332	445	76	99	3	6	1	1	0	0	0	0	0	0	0	0	0	0	0	0	0	0	0	0	0	0	551	884	62.33%
FORT BEND	160 of 160 precinct reporting	143,623	157,595	180,197	195,191	2,555	3,019	903	1,089	0	0	8	8	1	1	0	0	3	3	1	1	0	0	0	0	1	1	356,908	482,368	73.99%
FRANKLIN	9 of 9 precinct reporting	3,246	4,153	661	803	24	36	7	8	0	0	0	0	0	0	0	0	0	0	0	0	0	0	0	0	0	0	5,000	7,061	70.81%
FREESTONE	16 of 16 precinct reporting	5,175	6,966	1,313	1,629	33	65	10	18	0	0	0	0	0	0	0	0	0	0	0	0	0	0	0	0	0	0	8,678	12,481	69.53%
FRIO	10 of 10 precinct reporting	1,852	2,812	1,800	2,421	11	23	6	8	0	0	0	0	0	0	0	0	0	0	0	0	0	0	0	0	0	0	5,264	8,984	58.59%
GAINES	9 of 9 precinct reporting	4,709	5,323	463	572	37	54	7	10	0	0	1	1	0	0	0	0	0	0	0	0	0	0	0	0	0	0	5,960	9,701	61.44%
GALVESTON	93 of 93 precinct reporting	84,668	93,306	53,326	58,247	1,533	1,899	310	391	0	0	0	0	0	0	0	0	0	0	0	0	0	0	0	0	0	0	153,843	228,482	67.33%
GARZA	7 of 7 precinct reporting	1,058	1,411	169	231	4	5	4	4	0	0	0	0	0	0	0	0	0	0	0	0	0	0	0	0	0	0	1,651	2,681	61.58%
GILLESPIE	14 of 14 precinct reporting	9,747	12,495	2,799	3,163	105	139	12	16	0	0	0	1	0	1	0	0	2	2	0	0	0	0	0	0	0	0	15,817	20,404	77.52%
GLASSCOCK	5 of 5 precinct reporting	454	611	32	39	1	3	0	0	0	0	0	0	0	0	0	0	0	0	0	0	0	0	0	0	0	0	653	800	81.63%
GOLIAD	10 of 10 precinct reporting	2,212	3,081	676	872	12	23	1	2	0	0	0	0	0	0	0	0	0	0	0	0	0	0	0	0	0	0	3,978	5,766	68.99%
GONZALES	16 of 16 precinct reporting	4,430	5,568	1,532	1,894	37	57	10	14	0	0	0	0	0	0	0	0	0	0	1	1	0	0	0	0	0	0	7,534	12,629	59.66%
GRAY	8 of 8 precinct reporting	5,032	6,812	633	820	65	97	12	16	0	0	0	0	0	0	0	0	0	0	0	0	0	0	0	0	0	0	7,745	12,406	62.43%
GRAYSON	37 of 37 precinct reporting	37,244	43,776	12,511	14,223	460	625	86	136	0	0	0	0	0	0	0	0	0	0	0	0	0	0	0	0	0	0	58,760	86,740	67.74%
GREGG	22 of 22 precinct reporting	29,048	32,352	13,102	14,657	424	550	92	113	0	0	19	23	2	5	0	0	0	0	0	0	0	0	0	0	0	0	47,700	72,867	65.46%
GRIMES	15 of 15 precinct reporting	7,142	9,419	2,276	2,831	69	118	20	29	0	0	0	0	1	1	0	0	0	0	0	0	0	0	0	0	0	0	12,398	17,877	69.35%
GUADALUPE	72 of 72 precinct reporting	41,279	47,423	25,777	28,706	781	1,016	166	211	0	0	18	19	1	1	1	1	0	2	2	2	0	0	0	0	1	1	77,382	111,142	69.62%
HALE	31 of 31 precinct reporting	5,722	7,162	1,687	2,271	65	96	22	31	0	0	0	0	0	0	0	0	0	0	0	0	0	0	0	0	0	0	9,560	18,997	50.32%
HALL	5 of 5 precinct reporting	684	992	120	167	3	4	0	1	0	0	0	0	1	1	0	0	0	0	0	0	0	0	0	0	0	0	1,165	1,926	60.49%
HAMILTON	12 of 12 precinct reporting	2,717	3,613	509	641	40	52	37	40	0	0	1	1	0	0	0	0	0	0	0	0	0	0	0	0	0	0	4,347	5,832	74.54%
HANSFORD	8 of 8 precinct reporting	1,237	1,848	110	166	13	27	2	3	0	0	1	2	0	0	0	0	0	0	0	0	0	0	0	0	0	0	2,046	3,009	68.00%
HARDEMAN	4 of 4 precinct reporting	836	1,330	173	241	5	9	0	0	0	0	0	0	0	0	0	0	0	0	0	0	0	0	0	0	0	0	1,580	2,486	63.56%
HARDIN	20 of 20 precinct reporting	19,557	23,806	2,993	3,449	200	273	17	27	0	0	0	0	0	0	0	0	0	0	0	0	0	0	0	0	0	0	27,555	39,952	68.97%
HARRIS	1,013 of 1,013 precinct reporting	607,040	699,771	810,106	911,913	12,988	16,759	3,871	5,097	0	0	0	0	0	0	0	0	7	7	6	6	1	1	0	0	3	3	1,633,557	2,480,522	65.86%
HARRISON	27 of 27 precinct reporting	18,389	21,318	6,915	7,812	215	290	36	42	0	0	0	0	0	0	0	0	0	0	0	0	0	0	0	0	0	0	29,462	45,933	64.14%
HARTLEY	7 of 7 precinct reporting	1,460	1,866	151	195	10	14	1	1	0	0	0	0	0	0	0	0	0	0	0	0	0	0	0	0	0	0	2,076	2,909	71.36%
HASKELL	5 of 5 precinct reporting	1,129	1,837	233	353	6	15	6	6	0	0	0	0	0	0	0	0	0	0	0	0	0	0	0	0	0	0	2,211	3,377	65.47%
HAYS	69 of 69 precinct reporting	42,289	47,427	54,200	59,213	1,395	1,729	325	415	0	0	23	27	3	3	0	0	2	2	5	6	0	0	0	0	0	0	108,822	152,840	71.20%
HEMPHILL	9 of 9 precinct reporting	1,007	1,486	153	206	15	25	0	3	0	0	0	0	0	0	0	0	0	0	0	0	0	0	0	0	0	0	1,720	2,355	73.04%
HENDERSON	28 of 28 precinct reporting	23,519	28,816	5,964	7,048	176	259	46	74	0	0	0	0	0	0	0	0	0	0	0	0	0	0	0	0	0	0	36,197	54,663	66.22%
HIDALGO	256 of 256 precinct reporting	75,077	89,925	110,840	127,391	1,004	1,245	721	862	2	2	5	5	1	1	2	2	0	0	0	0	0	0	0	0	0	0	219,433	391,309	56.08%
HILL	22 of 22 precinct reporting	7,506	11,869	2,033	2,829	78	119	15	26	0	0	0	0	0	0	0	0	0	0	0	0	0	0	0	0	0	0	14,843	23,625	62.83%
HOCKLEY	15 of 15 precinct reporting	5,114	6,534	1,157	1,481	35	60	9	16	0	0	0	0	0	0	0	0	0	0	0	0	0	0	0	0	0	0	8,091	13,781	58.71%
HOOD	16 of 16 precinct reporting	20,646	26,243	4,733	5,605	188	314	49	71	0	0	0	6	0	0	0	0	1	1	0	0	0	0	0	0	0	1	32,241	44,831	71.92%
HOPKINS	22 of 22 precinct reporting	10,311	12,713	2,526	3,043	99	143	27	31	0	0	2	2	0	0	0	0	0	0	0	0	0	0	0	0	0	0	15,932	23,954	66.51%
HOUSTON	22 of 22 precinct reporting	5,201	7,050	1,846	2,312	39	56	2	7	0	0	0	0	0	0	0	0	0	0	0	0	0	0	0	0	0	0	9,425	13,444	70.11%
HOWARD	27 of 27 precinct reporting	6,512	7,899	1,711	2,017	60	88	22	28	9	11	0	0	0	0	0	0	0	0	0	0	0	0	0	0	0	0	10,043	17,526	57.30%
HUDSPETH	5 of 5 precinct reporting	395	771	188	371	6	10	2	5	0	0	0	0	0	0	0	0	0	0	0	0	0	0	0	0	0	0	1,157	2,085	55.49%
HUNT	34 of 34 precinct reporting	21,107	29,135	6,864	8,879	249	432	41	71	0	0	0	0	0	0	0	0	0	0	0	0	0	0	0	0	0	0	38,517	59,367	64.88%
HUTCHINSON	9 of 9 precinct reporting	6,150	7,659	772	957	76	113	6	10	0	0	2	2	0	0	0	0	0	0	0	0	0	0	0	0	0	0	8,741	13,533	64.59%
IRION	5 of 5 precinct reporting	569	759	93	120	6	8	2	2	0	0	0	0	0	0	0	0	0	0	0	0	0	0	0	0	0	0	889	1,298	68.49%
JACK	7 of 7 precinct reporting	2,643	3,415	276	331	16	24	6	9	0	0	0	0	0	0	0	0	0	0	0	0	0	0	0	0	0	0	3,779	5,254	71.93%
JACKSON	10 of 10 precinct reporting	4,212	5,116	832	1,018	37	51	15	23	0	0	2	2	0	0	0	0	0	0	0	0	0	0	0	0	0	0	6,210	9,482	65.49%
JASPER	21 of 21 precinct reporting	10,145	12,453	2,484	2,906	72	101	4	6	0	0	1	2	0	0	0	0	0	0	1	1	0	0	0	0	0	0	15,469	23,374	66.18%
JEFF DAVIS	6 of 6 precinct reporting	615	783	409	501	13	17	2	3	0	0	0	0	0	0	0	0	0	0	0	0	0	0	0	0	0	0	1,304	1,670	78.08%
JEFFERSON	140 of 140 precinct reporting	42,128	47,535	41,177	46,022	687	891	157	197	0	0	15	16	1	1	0	0	0	0	1	2	1	1	0	0	0	0	94,665	149,372	63.38%
JIM HOGG	6 of 6 precinct reporting	500	831	940	1,197	2	4	2	2	0	0	0	0	0	0	0	0	0	0	0	0	0	0	0	0	0	0	2,034	3,800	53.53%
JIM WELLS	22 of 22 precinct reporting	5,252	7,389	4,617	6,025	47	65	19	28	0	0	0	0	0	0	0	0	0	0	0	0	0	0	0	0	0	0	13,507	26,636	50.71%
JOHNSON	36 of 36 precinct reporting	46,104	54,523	14,324	16,418	585	767	99	141	0	0	10	10	2	2	0	0	1	2	0	0	0	0	0	0	0	1	71,864	105,574	68.07%
JONES	12 of 12 precinct reporting	3,626	5,621	710	989	36	62	12	19	0	0	0	0	0	0	0	0	0	0	0	0	0	0	0	0	0	0	6,691	9,635	69.44%
KARNES	15 of 15 precinct reporting	2,698	3,959	943	1,220	17	30	11	17	0	0	2	3	0	0	0	0	0	0	0	0	0	0	0	0	0	0	5,229	8,359	62.56%
KAUFMAN	31 of 31 precinct reporting	31,791	37,474	16,109	18,290	409	526	113	145	0	0	0	0	0	0	0	0	0	0	0	0	0	0	0	0	0	0	56,435	81,901	68.91%
KENDALL	11 of 11 precinct reporting	17,730	20,064	5,534	6,008	220	288	32	46	0	0	6	9	0	0	1	1	1	3	0	0	0	0	0	0	0	0	26,419	33,836	78.08%
KENEDY	6 of 6 precinct reporting	84	127	43	65	1	1	1	1	0	0	0	0	0	0	0	0	0	0	0	0	0	0	0	0	0	0	194	296	65.54%
KENT	7 of 7 precinct reporting	279	411	44	47	0	1	1	3	0	0	0	0	0	0	0	0	0	0	0	0	0	0	0	0	0	0	462	592	78.04%
KERR	21 of 21 precinct reporting	17,959	20,858	5,816	6,510	217	283	36	51	0	0	4	4	0	0	0	0	0	0	2	2	0	1	0	0	1	1	27,710	37,726	73.45%
KIMBLE	8 of 8 precinct reporting	1,570	1,987	223	284	11	17	2	4	0	0	0	0	0	0	0	0	0	0	0	0	0	0	0	0	0	0	2,292	3,113	73.63%
KING	5 of 5 precinct reporting	0	151	0	8	0	0	0	0	0	0	0	0	0	0	0	0	0	0	0	0	0	0	0	0	0	0	159	183	86.89%
KINNEY	4 of 4 precinct reporting	939	1,144	379	446	8	11	1	2	0	0	0	0	0	0	0	0	0	0	0	0	0	0	0	0	0	0	1,603	2,270	70.62%
KLEBERG	18 of 18 precinct reporting	4,305	5,557	4,493	5,359	77	97	18	28	0	0	0	0	0	0	0	0	0	0	0	0	0	0	0	0	0	0	11,041	18,749	58.89%
KNOX	7 of 7 precinct reporting	619	1,180	147	265	5	7	1	4	0	0	0	0	0	0	0	0	0	0	0	0	0	0	0	0	0	0	1,456	2,391	60.90%
LAMAR	27 of 27 precinct reporting	12,841	16,698	3,699	4,420	114	169	15	27	21	24	0	0	0	0	0	0	0	0	0	0	0	0	0	0	0	0	21,338	32,390	65.88%
LAMB	12 of 12 precinct reporting	2,472	3,513	593	835	25	38	4	7	0	0	0	0	0	0	0	0	0	0	1	1	0	0	0	0	0	0	4,394	8,085	54.35%
LAMPASAS	10 of 10 precinct reporting	6,651	8,070	1,868	2,134	107	145	13	24	0	0	0	0	0	0	0	0	0	0	0	0	0	0	0	0	0	0	10,373	15,424	67.25%
LASALLE	5 of 5 precinct reporting	865	1,335	739	1,052	6	12	3	7	0	0	0	0	0	0	0	0	0	0	0	0	0	0	0	0	0	0	2,406	4,426	54.36%
LAVACA	20 of 20 precinct reporting	6,274	8,802	1,022	1,333	34	46	4	8	0	0	2	2	0	0	0	0	2	4	0	0	0	0	0	0	0	0	10,195	13,661	74.63%
LEE	16 of 16 precinct reporting	5,021	6,248	1,472	1,745	46	65	8	16	0	0	0	0	1	1	0	0	0	0	0	0	0	0	0	0	0	0	8,075	11,145	72.45%
LEON	18 of 18 precinct reporting	4,910	7,522	752	1,072	33	56	10	14	0	0	2	4	0	0	0	0	1	4	0	0	0	0	0	0	0	0	8,672	11,727	73.95%
LIBERTY	30 of 30 precinct reporting	19,555	23,288	4,644	5,779	150	218	21	29	0	0	0	0	0	0	0	0	0	0	0	0	0	0	0	0	0	0	29,314	46,155	63.51%
LIMESTONE	21 of 21 precinct reporting	5,037	6,786	1,778	2,213	50	66	20	27	0	0	0	0	0	0	0	0	0	0	0	0	0	0	0	0	0	0	9,092	13,963	65.11%
LIPSCOMB	7 of 7 precinct reporting	489	1,203	75	131	4	17	0	0	0	0	0	0	0	0	0	0	0	0	0	0	0	0	0	0	0	0	1,351	1,977	68.34%
LIVE OAK	15 of 15 precinct reporting	2,822	4,198	595	819	16	30	5	6	0	0	0	0	0	0	0	0	0	0	0	0	0	0	0	0	0	0	5,053	7,572	66.73%
LLANO	10 of 10 precinct reporting	8,861	9,996	2,977	3,167	69	99	12	16	0	0	0	0	0	0	0	0	0	0	0	0	0	0	0	0	0	0	13,278	16,688	79.57%
LOVING	5 of 5 precinct reporting	43	60	2	4	0	2	0	0	0	0	0	0	0	0	0	0	0	0	0	0	0	0	0	0	0	0	66	111	59.46%
LUBBOCK	98 of 98 precinct reporting	69,740	78,560	35,103	39,757	1,223	1,604	205	273	0	0	4	4	0	0	0	0	1	1	0	0	0	0	2	2	3	3	120,204	183,320	65.57%
LYNN	15 of 15 precinct reporting	1,038	1,853	229	428	5	10	1	2	0	0	0	0	0	0	0	0	0	0	0	0	0	0	0	0	0	0	2,293	4,028	56.93%
MCCULLOCH	4 of 4 precinct reporting	2,231	2,898	408	490	25	36	4	6	0	0	0	0	0	0	0	0	0	0	0	0	0	0	0	0	0	0	3,430	5,361	63.98%
MCLENNAN	92 of 92 precinct reporting	47,719	59,432	31,185	36,550	904	1,291	177	243	0	0	69	94	1	1	1	1	1	1	3	4	0	0	0	0	0	0	97,617	149,461	65.31%
MCMULLEN	5 of 5 precinct reporting	337	460	27	53	2	2	0	1	0	0	0	0	0	0	0	0	0	0	0	0	0	0	0	0	0	0	516	706	73.09%
MADISON	5 of 5 precinct reporting	3,435	4,165	912	1,084	21	30	9	10	0	0	0	0	0	0	0	0	0	0	0	0	0	0	0	0	0	0	5,289	7,822	67.62%
MARION	10 of 10 precinct reporting	2,607	3,459	1,081	1,331	28	46	7	8	0	0	0	0	0	0	0	0	0	0	0	0	0	0	0	0	0	0	4,844	7,596	63.77%
MARTIN	6 of 6 precinct reporting	1,483	1,857	217	288	9	13	1	2	0	0	0	0	0	0	0	0	0	0	0	0	0	0	0	0	0	0	2,160	3,467	62.30%
MASON	5 of 5 precinct reporting	1,775	2,108	511	566	15	19	2	2	0	5	0	0	0	0	0	0	0	0	0	0	0	0	0	0	0	0	2,700	3,168	85.23%
MATAGORDA	19 of 19 precinct reporting	7,781	9,836	3,065	3,726	79	115	26	33	0	0	0	0	0	0	0	0	0	0	0	0	0	0	0	0	0	0	13,710	22,026	62.24%
MAVERICK	14 of 14 precinct reporting	4,782	6,881	6,504	8,324	54	73	43	60	0	0	0	0	0	0	0	0	0	0	0	0	0	0	0	0	0	0	15,338	33,050	46.41%
MEDINA	8 of 8 precinct reporting	13,809	15,599	5,934	6,731	143	183	39	44	0	0	5	6	0	0	0	0	3	3	0	0	1	1	0	0	1	1	22,568	33,763	66.84%
MENARD	7 of 7 precinct reporting	632	819	160	196	5	6	1	2	0	0	0	0	0	0	0	0	0	0	0	0	0	0	0	0	0	0	1,023	1,469	69.64%
MIDLAND	45 of 45 precinct reporting	38,633	45,463	10,495	12,258	585	774	102	125	0	0	0	0	0	0	0	0	0	0	0	0	0	0	0	0	0	0	58,620	90,392	64.85%
MILAM	12 of 12 precinct reporting	6,732	7,950	2,099	2,475	54	72	15	24	0	0	2	2	0	0	0	0	0	0	0	0	0	0	0	0	0	0	10,523	15,838	66.44%
MILLS	8 of 8 precinct reporting	1,711	2,214	228	271	9	15	1	2	0	0	0	0	0	0	0	0	0	0	0	0	0	0	0	0	0	0	2,502	3,429	72.97%
MITCHELL	7 of 7 precinct reporting	1,591	2,169	294	397	8	11	1	1	0	0	0	0	0	0	0	0	0	0	0	0	0	0	0	0	0	0	2,578	4,524	56.98%
MONTAGUE	16 of 16 precinct reporting	7,020	8,613	938	1,097	64	78	20	24	0	0	0	0	0	0	0	0	0	0	0	0	0	0	0	0	0	0	9,812	14,001	70.08%
MONTGOMERY	101 of 101 precinct reporting	167,808	193,224	65,877	74,255	2,402	3,161	403	522	2	2	4	4	3	3	0	0	1	1	1	1	0	0	0	0	2	2	271,175	370,060	73.28%
MOORE	8 of 8 precinct reporting	3,152	4,356	565	1,059	32	66	4	21	0	0	0	0	0	0	0	0	0	0	0	0	0	0	0	0	0	0	5,502	9,995	55.05%
MORRIS	9 of 9 precinct reporting	2,805	3,841	1,300	1,664	20	36	5	7	0	0	0	0	0	0	0	0	0	0	0	0	0	0	0	0	0	0	5,548	8,583	64.64%
MOTLEY	7 of 7 precinct reporting	408	604	34	46	1	2	0	0	0	0	0	0	0	0	0	0	0	0	0	0	0	0	0	0	0	0	652	859	75.90%
NACOGDOCHES	26 of 26 precinct reporting	14,136	17,359	7,953	8,989	222	302	67	83	0	0	14	19	0	0	0	0	1	1	1	1	0	0	0	1	0	0	26,755	38,786	68.98%
NAVARRO	30 of 30 precinct reporting	10,041	13,787	4,431	5,097	161	167	51	52	2	2	0	0	0	0	0	0	0	0	0	0	0	0	0	0	0	0	19,105	29,959	63.77%
NEWTON	23 of 23 precinct reporting	3,220	4,882	840	1,175	19	34	2	5	0	0	0	0	0	0	0	0	0	0	0	0	0	0	0	0	0	0	6,096	9,400	64.85%
NOLAN	10 of 10 precinct reporting	2,690	4,127	839	1,161	28	53	7	10	1	1	0	0	0	0	0	0	0	0	0	0	0	0	0	0	0	0	5,352	8,871	60.33%
NUECES	128 of 128 precinct reporting	55,697	64,467	53,921	60,749	1,092	1,394	275	368	0	0	4	4	0	0	0	0	1	1	1	1	0	0	0	0	0	0	126,984	211,652	60.00%
OCHILTREE	5 of 5 precinct reporting	2,006	2,811	204	302	28	37	3	3	0	0	0	0	0	0	0	0	0	0	0	1	0	0	1	1	0	0	3,155	5,192	60.77%
OLDHAM	8 of 8 precinct reporting	578	917	40	81	5	10	0	1	0	0	0	0	0	0	0	0	0	0	0	0	0	0	0	0	0	0	1,009	1,425	70.81%
ORANGE	35 of 35 precinct reporting	24,655	29,170	5,487	6,354	288	375	42	51	0	0	2	4	1	1	1	1	0	0	5	5	4	4	5	5	4	4	35,974	54,442	66.08%
PALO PINTO	28 of 28 precinct reporting	7,703	10,170	1,817	2,177	64	100	19	27	1	1	2	2	0	0	0	0	1	1	0	0	0	0	0	0	0	0	12,478	18,946	65.86%
PANOLA	20 of 20 precinct reporting	6,518	9,322	1,526	2,057	37	57	6	11	5	5	0	0	0	0	0	0	0	0	0	0	0	0	0	0	0	0	11,452	16,808	68.13%
PARKER	44 of 44 precinct reporting	53,181	61,584	11,343	12,789	678	878	122	155	0	0	18	21	1	1	0	0	4	4	0	0	0	0	0	1	1	1	75,434	103,999	72.53%
PARMER	10 of 10 precinct reporting	1,102	2,133	207	488	6	23	1	4	0	0	0	0	0	0	0	0	0	0	0	0	0	0	0	0	0	0	2,648	4,537	58.36%
PECOS	10 of 10 precinct reporting	2,633	3,213	1,184	1,378	36	50	16	21	0	0	1	1	0	0	0	0	0	0	0	0	0	0	0	0	0	0	4,663	8,323	56.03%
POLK	22 of 22 precinct reporting	15,525	18,496	4,649	5,353	136	170	39	50	0	0	3	3	0	0	0	0	0	0	0	0	0	0	0	0	0	0	24,072	40,520	59.41%
POTTER	25 of 25 precinct reporting	18,453	22,732	7,985	9,867	317	454	86	124	0	0	0	0	0	0	0	0	0	0	0	0	0	0	0	0	0	0	33,177	57,736	57.46%
PRESIDIO	8 of 8 precinct reporting	532	721	1,249	1,463	17	21	8	12	0	0	0	0	0	0	0	0	0	0	0	0	0	0	0	0	0	0	2,217	4,789	46.29%
RAINS	9 of 9 precinct reporting	4,285	5,147	711	841	27	43	9	13	0	0	0	0	0	0	0	0	0	0	0	0	0	0	0	0	0	0	6,044	8,320	72.64%
RANDALL	23 of 23 precinct reporting	44,115	50,597	11,171	12,750	686	908	93	127	0	0	20	26	0	0	1	1	5	6	1	1	0	0	2	2	0	1	64,419	93,313	69.04%
REAGAN	5 of 5 precinct reporting	753	942	142	172	4	7	3	3	0	0	0	0	0	0	0	0	0	0	0	0	0	0	0	0	0	0	1,124	1,879	59.82%
REAL	6 of 6 precinct reporting	1,353	1,643	271	320	10	14	4	5	0	0	0	0	0	0	0	0	0	0	0	0	0	0	0	0	0	0	1,982	2,702	73.35%
RED RIVER	20 of 20 precinct reporting	3,230	4,513	1,008	1,244	21	36	4	7	0	0	0	0	0	0	0	0	0	0	0	0	0	0	0	0	0	0	5,800	8,489	68.32%
REEVES	12 of 12 precinct reporting	1,583	2,249	1,130	1,394	18	30	6	8	2	2	0	0	0	0	0	0	0	0	0	0	0	0	0	0	0	0	3,683	7,558	48.73%
REFUGIO	11 of 11 precinct reporting	1,669	2,210	832	1,108	15	26	15	21	0	0	0	0	0	0	0	0	0	0	1	1	0	0	0	0	0	0	3,366	5,007	67.23%
ROBERTS	5 of 5 precinct reporting	351	529	10	17	3	4	0	0	0	0	0	0	0	0	0	0	0	0	0	0	0	0	0	0	0	0	550	680	80.88%
ROBERTSON	16 of 16 precinct reporting	4,586	5,631	1,884	2,359	50	66	8	13	9	11	0	0	0	0	0	0	0	0	0	0	0	0	0	0	0	0	8,080	11,844	68.22%
ROCKWALL	18 of 18 precinct reporting	35,063	38,842	16,726	18,149	531	642	111	132	0	0	24	24	0	1	0	0	1	1	0	0	0	0	0	0	1	1	57,792	71,102	81.28%
RUNNELS	11 of 11 precinct reporting	2,667	3,682	386	531	22	38	7	11	0	0	0	0	0	0	0	0	0	0	0	0	0	0	0	0	0	0	4,262	7,025	60.67%
RUSK	23 of 23 precinct reporting	12,377	16,511	3,677	4,624	98	154	28	50	0	0	3	7	0	0	0	0	0	0	0	0	0	1	0	0	1	1	21,348	32,388	65.91%
SABINE	9 of 9 precinct reporting	3,741	4,767	536	662	19	25	5	7	0	0	0	0	0	0	0	0	0	0	0	0	0	0	0	0	0	0	5,461	8,050	67.84%
SAN AUGUSTINE	12 of 12 precinct reporting	2,125	3,005	798	979	7	12	1	2	0	0	0	0	0	0	0	0	0	0	0	0	0	0	0	0	0	0	3,998	6,108	65.46%
SAN JACINTO	12 of 12 precinct reporting	8,343	10,154	1,966	2,332	73	101	29	39	0	0	2	2	0	0	0	0	0	0	0	0	0	0	0	0	0	0	12,628	18,969	66.57%
SAN PATRICIO	26 of 26 precinct reporting	13,994	16,495	7,674	8,971	223	289	73	93	0	0	1	1	1	1	0	0	0	0	0	0	0	0	0	0	0	0	25,850	43,248	59.77%
SAN SABA	4 of 4 precinct reporting	1,638	2,308	225	287	7	7	0	0	0	0	0	0	0	0	0	0	0	0	0	0	0	0	0	0	0	0	2,602	3,776	68.91%
SCHLEICHER	5 of 5 precinct reporting	739	939	165	211	3	6	2	2	0	0	0	0	0	0	0	0	0	0	0	0	0	0	0	0	0	0	1,158	1,709	67.76%
SCURRY	12 of 12 precinct reporting	3,945	4,978	649	818	34	53	11	15	0	0	0	1	0	0	0	0	0	0	0	0	0	0	0	0	0	0	5,865	9,489	61.81%
SHACKELFORD	8 of 8 precinct reporting	1,145	1,484	99	130	3	10	3	4	0	0	0	0	0	0	0	0	0	0	0	0	0	0	0	0	0	0	1,628	2,320	70.17%
SHELBY	15 of 15 precinct reporting	5,398	7,962	1,552	2,058	22	36	2	4	0	0	0	2	0	0	0	0	1	1	0	0	0	0	0	0	0	0	10,063	15,570	64.63%
SHERMAN	5 of 5 precinct reporting	601	885	74	91	6	9	3	5	0	0	0	0	0	0	0	0	0	0	0	0	0	0	0	0	0	0	990	1,520	65.13%
SMITH	74 of 74 precinct reporting	60,102	68,546	25,706	29,343	838	1,121	196	253	0	0	0	0	0	0	0	0	0	0	0	0	0	0	0	0	0	0	99,263	146,149	67.92%
SOMERVELL	4 of 4 precinct reporting	3,543	4,099	672	768	39	56	9	10	0	0	5	7	0	0	0	0	0	0	0	0	0	0	0	0	0	0	4,940	6,712	73.60%
STARR	10 of 10 precinct reporting	6,515	8,224	7,636	9,099	74	91	56	63	0	0	0	0	0	0	0	0	0	0	1	1	0	0	0	0	0	0	17,478	34,050	51.33%
STEPHENS	9 of 9 precinct reporting	2,678	3,385	330	396	8	16	1	2	0	0	0	0	0	0	0	0	0	0	0	0	0	0	0	0	0	0	3,799	5,672	66.98%
STERLING	4 of 4 precinct reporting	445	584	36	51	1	1	2	3	0	0	0	0	0	0	0	0	0	0	0	0	0	0	0	0	0	0	639	939	68.05%
STONEWALL	4 of 4 precinct reporting	452	615	91	116	3	4	1	1	0	0	0	0	0	0	0	0	0	0	0	0	0	0	0	0	0	0	736	953	77.23%
SUTTON	5 of 5 precinct reporting	1,053	1,222	273	322	4	9	3	4	0	0	0	0	0	0	0	0	0	0	0	0	0	0	0	0	0	0	1,557	2,449	63.58%
SWISHER	9 of 9 precinct reporting	1,383	1,842	357	478	14	22	5	10	0	1	0	0	0	0	0	0	0	0	0	0	0	0	0	0	0	0	2,353	3,941	59.71%
TARRANT	730 of 730 precinct reporting	351,885	403,271	357,565	403,698	7,954	10,232	1,929	2,569	0	0	249	302	13	13	1	1	36	44	22	26	0	0	0	0	1	1	820,157	1,212,524	67.64%
TAYLOR	35 of 35 precinct reporting	32,250	39,439	12,448	14,489	596	825	113	148	1	2	14	17	1	1	0	0	0	0	1	1	0	0	1	1	1	1	54,924	83,696	65.62%
TERRELL	5 of 5 precinct reporting	258	334	100	119	2	3	0	2	0	0	0	0	0	0	0	0	0	0	0	0	0	0	0	0	0	0	458	673	68.05%
TERRY	8 of 8 precinct reporting	2,257	2,809	596	757	23	33	3	9	0	0	0	0	0	0	0	0	0	0	0	0	0	0	0	0	0	0	3,608	6,589	54.76%
THROCKMORTON	6 of 6 precinct reporting	484	806	53	82	0	5	1	1	0	0	0	0	0	0	5	5	0	0	0	0	0	0	0	0	0	0	899	1,216	73.93%
TITUS	19 of 19 precinct reporting	5,947	7,563	2,206	2,852	65	94	10	19	0	0	0	0	2	2	0	0	0	0	0	0	0	0	0	0	0	0	10,530	17,666	59.61%
TOM GREEN	35 of 35 precinct reporting	23,316	32,129	9,624	12,106	322	539	51	96	0	0	4	10	0	0	0	0	4	4	0	0	2	2	0	0	0	0	44,886	70,086	64.04%
TRAVIS	248 of 248 precinct reporting	140,321	159,907	403,939	432,062	7,161	8,842	1,682	2,078	0	0	0	0	0	0	0	0	0	0	0	0	0	0	0	0	0	0	602,889	854,577	70.55%
TRINITY	20 of 20 precinct reporting	4,281	5,579	1,027	1,323	17	25	9	11	0	0	0	0	0	0	0	0	0	0	0	0	0	0	0	0	0	0	6,938	11,541	60.12%
TYLER	18 of 18 precinct reporting	5,581	8,095	1,094	1,390	25	51	6	11	0	0	0	0	0	0	0	0	0	0	0	0	0	0	0	0	0	0	9,547	14,556	65.59%
UPSHUR	22 of 22 precinct reporting	12,770	15,775	2,448	2,869	105	179	15	22	0	0	3	3	0	1	0	0	0	0	1	1	0	0	0	0	0	0	18,850	28,619	65.87%
UPTON	5 of 5 precinct reporting	910	1,176	137	169	10	13	6	7	0	0	0	0	0	0	0	0	0	0	0	0	0	0	0	0	0	0	1,365	2,207	61.85%
UVALDE	14 of 14 precinct reporting	4,661	6,160	3,464	4,066	46	66	21	29	0	0	0	0	1	1	1	1	0	0	0	0	0	0	0	0	0	0	10,323	17,420	59.26%
VAL VERDE	17 of 17 precinct reporting	6,413	7,839	5,460	6,401	102	132	33	45	0	0	0	0	0	0	0	0	0	0	0	0	0	0	0	0	0	0	14,417	28,927	49.84%
VAN ZANDT	19 of 19 precinct reporting	14,633	22,126	2,407	3,419	96	175	15	33	0	0	0	0	0	0	0	0	0	0	0	0	0	0	0	0	0	0	25,753	38,965	66.09%
VICTORIA	35 of 35 precinct reporting	18,864	23,244	8,730	10,271	229	335	74	102	5	14	5	7	5	7	3	5	5	7	5	6	3	3	3	3	2	2	34,006	56,612	60.07%
WALKER	17 of 17 precinct reporting	12,520	15,368	6,682	7,875	197	286	46	63	0	0	0	0	0	0	1	1	1	1	0	0	0	0	0	0	1	1	23,595	35,038	67.34%
WALLER	21 of 21 precinct reporting	12,102	14,206	6,902	8,130	143	199	64	82	0	0	0	0	0	0	0	0	0	0	0	0	0	0	0	0	0	0	22,617	35,116	64.41%
WARD	9 of 9 precinct reporting	2,510	3,238	578	761	18	29	2	6	0	0	0	0	0	0	0	0	0	0	0	0	0	0	0	0	0	0	4,034	6,880	58.63%
WASHINGTON	22 of 22 precinct reporting	10,705	12,949	3,661	4,254	121	178	12	20	0	0	4	5	2	2	0	0	2	2	0	0	0	0	0	0	0	0	17,410	23,947	72.70%
WEBB	70 of 70 precinct reporting	19,424	25,898	33,454	41,820	312	446	167	233	0	0	0	0	0	0	0	0	0	0	0	0	0	0	0	0	0	0	68,397	137,840	49.62%
WHARTON	13 of 13 precinct reporting	10,422	11,892	3,961	4,671	85	105	29	36	0	5	0	0	0	0	0	0	0	0	0	0	0	0	0	0	0	0	16,709	25,697	65.02%
WHEELER	11 of 11 precinct reporting	1,509	2,158	129	168	3	7	2	3	0	0	0	0	0	0	0	0	0	0	0	0	0	0	0	0	0	0	2,336	3,514	66.48%
WICHITA	62 of 62 precinct reporting	26,350	31,930	10,796	13,024	474	664	90	125	0	0	9	10	0	0	0	0	0	0	0	0	0	0	0	0	0	0	45,753	83,575	54.74%
WILBARGER	5 of 5 precinct reporting	2,934	3,520	777	954	23	33	5	11	0	0	0	0	0	0	0	0	0	0	0	0	0	0	0	0	0	0	4,518	8,196	55.12%
WILLACY	17 of 17 precinct reporting	1,416	2,437	2,116	3,097	15	25	7	16	0	0	0	0	0	0	0	0	0	0	0	0	0	0	0	0	0	0	5,575	12,804	43.54%
WILLIAMSON	58 of 58 precinct reporting	123,803	138,649	132,612	142,457	4,048	4,961	637	782	1	1	135	164	9	10	1	1	34	38	19	23	1	1	2	2	3	3	287,092	376,672	76.22%
WILSON	17 of 17 precinct reporting	15,243	18,457	5,485	6,350	123	150	30	39	0	8	0	0	0	1	0	0	0	0	0	1	0	0	0	0	0	0	25,006	35,036	71.37%
WINKLER	6 of 6 precinct reporting	1,197	1,753	262	358	9	14	1	1	0	0	0	0	0	0	0	0	0	0	0	0	0	0	0	0	0	0	2,126	4,013	52.98%
WISE	26 of 26 precinct reporting	22,836	26,986	4,265	4,953	229	308	31	47	0	0	1	2	0	0	0	0	0	0	0	0	0	0	0	0	0	1	32,297	45,643	70.76%
WOOD	14 of 14 precinct reporting	16,178	18,962	3,114	3,487	126	175	33	40	0	0	0	0	0	0	0	1	0	0	0	0	0	0	0	0	0	0	22,665	32,382	69.99%
YOAKUM	7 of 7 precinct reporting	1,795	2,172	308	419	21	31	5	6	0	0	0	0	0	0	0	0	0	0	0	0	0	0	0	0	0	0	2,628	4,407	59.63%
YOUNG	10 of 10 precinct reporting	6,114	7,112	895	1,036	63	76	16	18	0	0	0	0	0	0	0	0	0	0	0	0	0	0	0	0	0	0	8,242	11,769	70.03%
ZAPATA	8 of 8 precinct reporting	1,192	2,032	1,235	1,820	9	11	2	4	0	0	0	0	0	0	0	0	0	0	0	0	0	0	0	0	0	0	3,867	8,257	46.83%
ZAVALA	6 of 6 precinct reporting	841	1,490	2,117	2,864	5	13	5	12	0	0	0	0	0	0	0	0	0	0	0	0	0	0	0	0	0	0	4,379	8,066	54.29%