ANDERSON	0 of 23 precinct reporting	11,120	15,110	3,249	3,955	96	134	21	22	0	0	4	5	0	0	0	0	1	1	0	0	0	0	0	0	0	0	19,227	29,274	65.68%
ANDREWS	0 of 5 precinct reporting	4,029	4,943	700	850	45	60	6	10	0	0	0	0	0	0	0	0	0	0	0	0	0	0	0	0	0	0	5,863	10,272	57.08%
ANGELINA	0 of 43 precinct reporting	20,658	25,076	7,717	9,143	200	274	54	75	0	0	3	3	0	0	0	0	2	2	1	1	0	0	0	0	0	0	34,574	53,166	65.03%
ARANSAS	0 of 6 precinct reporting	8,249	9,239	2,670	2,916	84	103	26	31	0	0	0	1	0	0	0	0	0	0	0	0	0	0	0	0	0	0	12,290	18,306	67.14%
ARCHER	0 of 12 precinct reporting	3,236	4,300	356	446	28	45	2	4	0	0	0	0	1	1	0	0	0	0	0	0	0	0	0	0	0	0	4,796	6,538	73.36%
ARMSTRONG	0 of 8 precinct reporting	784	1,035	61	75	1	2	0	0	0	0	0	0	0	0	0	0	0	0	0	0	0	0	0	0	0	0	1,112	1,498	74.23%
ATASCOSA	0 of 25 precinct reporting	9,766	12,039	4,844	5,876	112	143	44	58	0	0	1	1	0	0	0	0	0	0	0	0	0	0	1	1	0	0	18,118	29,409	61.61%
AUSTIN	0 of 18 precinct reporting	9,001	11,447	2,438	2,951	91	123	26	33	0	0	0	0	0	0	0	0	0	0	0	0	0	0	0	0	0	0	14,554	20,293	71.72%
BAILEY	0 of 5 precinct reporting	1,023	1,434	253	409	7	14	0	2	0	0	1	1	0	0	0	0	0	0	0	0	0	0	0	0	0	0	1,860	3,539	52.56%
BANDERA	0 of 11 precinct reporting	8,671	10,057	2,297	2,505	92	120	22	30	0	0	3	3	0	0	0	0	0	0	0	0	0	0	0	0	0	0	12,715	17,098	74.37%
BASTROP	0 of 23 precinct reporting	16,890	20,516	13,903	15,474	407	531	107	128	0	0	5	6	2	2	1	1	2	2	4	4	0	0	0	0	0	1	36,665	52,096	70.38%
BAYLOR	0 of 5 precinct reporting	1,221	1,494	146	183	16	22	1	1	0	0	2	2	0	0	0	0	0	0	0	0	0	0	0	0	0	0	1,702	2,408	70.68%
BEE	0 of 18 precinct reporting	4,691	6,006	2,761	3,288	68	93	21	27	0	0	2	2	0	0	2	2	0	0	1	1	1	1	0	0	0	0	9,420	16,033	58.75%
BELL	0 of 49 precinct reporting	53,984	67,893	48,532	57,014	1,336	1,980	323	440	0	1	25	32	2	2	0	2	3	6	2	3	0	0	2	2	0	0	127,375	215,974	58.98%
BEXAR	0 of 767 precinct reporting	270,892	308,618	404,967	448,452	7,115	8,837	2,283	2,798	1,509	1,866	137	164	16	17	8	8	8	10	28	34	1	1	4	4	6	9	770,818	1,189,373	64.81%
BLANCO	0 of 7 precinct reporting	4,623	5,443	1,758	1,911	58	72	11	15	0	0	0	0	0	0	0	0	0	0	0	0	0	0	0	0	0	0	7,441	9,344	79.63%
BORDEN	0 of 8 precinct reporting	296	397	11	16	2	2	1	1	0	0	0	0	0	0	0	0	0	0	0	0	0	0	0	0	0	0	416	499	83.37%
BOSQUE	0 of 12 precinct reporting	5,277	7,469	1,202	1,561	50	83	10	13	0	0	0	0	0	0	0	0	0	0	0	0	0	0	0	0	0	0	9,126	12,724	71.72%
BOWIE	0 of 43 precinct reporting	20,567	27,116	9,163	10,747	200	300	68	91	0	0	3	4	0	0	2	2	0	1	0	0	0	0	0	0	0	0	38,261	61,407	62.31%
BRAZORIA	0 of 67 precinct reporting	81,290	90,433	57,184	62,228	1,498	1,860	345	417	0	0	24	28	3	3	1	1	5	5	4	6	0	0	1	2	0	1	154,984	224,256	69.11%
BRAZOS	0 of 99 precinct reporting	39,914	47,530	30,641	35,349	1,303	1,812	163	252	0	0	87	111	1	2	0	0	2	2	1	2	0	0	0	0	1	1	85,061	122,137	69.64%
BREWSTER	0 of 9 precinct reporting	1,985	2,461	1,916	2,258	68	89	9	14	0	0	0	0	0	0	0	0	0	0	0	0	0	0	0	0	0	0	4,822	7,524	64.09%
BRISCOE	0 of 6 precinct reporting	396	639	52	78	5	7	0	1	0	0	0	0	0	0	0	0	0	0	0	0	0	0	0	0	0	0	725	1,025	70.73%
BROOKS	0 of 6 precinct reporting	650	998	1,159	1,470	7	10	5	6	0	0	0	0	0	0	0	0	0	0	0	0	0	0	0	0	0	0	2,484	5,521	44.99%
BROWN	0 of 19 precinct reporting	10,762	13,698	1,708	2,107	82	134	15	24	1	1	3	4	0	0	0	0	1	1	0	0	0	0	0	0	0	0	15,969	23,954	66.67%
BURLESON	0 of 14 precinct reporting	5,183	6,743	1,451	1,788	34	63	13	15	0	0	0	0	0	0	0	0	0	0	0	0	0	0	0	0	0	0	8,609	12,440	69.20%
BURNET	0 of 21 precinct reporting	15,709	18,767	4,951	5,639	205	268	25	34	0	0	2	2	1	1	0	0	2	5	0	0	0	0	1	1	0	0	24,717	33,697	73.35%
CALDWELL	0 of 32 precinct reporting	6,632	8,031	5,686	6,672	145	190	32	47	0	0	0	0	0	0	0	0	0	0	0	0	0	0	0	0	21	33	14,973	25,945	57.71%
CALHOUN	0 of 26 precinct reporting	3,879	5,641	1,771	2,148	43	61	5	6	0	0	0	0	0	0	0	0	0	0	0	0	0	0	0	0	0	0	7,856	13,080	60.06%
CALLAHAN	0 of 8 precinct reporting	4,822	6,012	623	734	43	71	10	15	0	0	0	0	0	0	0	0	0	0	0	0	0	0	0	0	0	0	6,832	9,773	69.91%
CAMERON	0 of 104 precinct reporting	40,332	49,032	54,629	64,063	576	728	276	336	0	0	8	12	0	0	0	1	0	0	1	1	0	0	0	0	1	1	114,174	218,910	52.16%
CAMP	0 of 5 precinct reporting	3,119	3,626	1,149	1,394	24	31	5	7	0	0	2	2	0	0	0	0	0	0	0	0	0	0	0	0	0	0	5,060	7,904	64.02%
CARSON	0 of 9 precinct reporting	1,681	2,779	224	297	24	37	2	3	0	0	5	6	0	0	0	0	0	0	0	0	0	0	0	0	0	0	3,122	4,345	71.85%
CASS	0 of 19 precinct reporting	8,464	11,033	2,298	2,795	56	79	10	17	0	0	0	0	0	0	0	0	2	2	0	1	0	0	0	0	0	0	13,927	20,889	66.67%
CASTRO	0 of 9 precinct reporting	834	1,602	269	466	2	9	1	6	0	0	0	0	0	0	0	0	0	0	0	0	0	0	0	0	0	0	2,083	3,853	54.06%
CHAMBERS	0 of 15 precinct reporting	15,389	17,353	3,457	3,997	201	250	35	50	0	0	1	1	0	0	0	0	0	0	0	0	0	0	0	0	1	1	21,652	30,709	70.51%
CHEROKEE	0 of 25 precinct reporting	11,833	15,101	3,507	4,210	117	161	24	36	0	0	0	0	0	0	0	0	0	0	0	0	0	0	0	0	0	0	19,508	29,166	66.89%
CHILDRESS	0 of 5 precinct reporting	1,540	1,943	249	310	12	18	4	8	0	0	0	0	0	0	0	0	0	0	0	0	0	0	0	0	0	0	2,279	3,658	62.30%
CLAY	0 of 17 precinct reporting	3,659	5,069	474	614	28	46	5	12	0	0	0	3	0	0	0	0	0	0	0	0	0	0	0	0	0	0	5,744	7,959	72.17%
COCHRAN	0 of 4 precinct reporting	553	809	119	177	5	11	3	3	0	0	0	0	0	0	0	0	0	0	0	0	0	0	0	0	0	0	1,000	1,771	56.47%
COKE	0 of 5 precinct reporting	1,108	1,586	131	178	4	10	2	5	0	0	0	0	0	0	0	0	0	0	0	0	0	0	0	0	0	0	1,779	2,414	73.70%
COLEMAN	0 of 5 precinct reporting	3,129	3,641	394	451	19	23	7	9	0	0	0	0	0	0	0	0	0	0	0	0	0	0	0	0	0	0	4,124	5,960	69.19%
COLLIN	0 of 240 precinct reporting	231,854	252,318	216,264	230,945	5,131	6,075	1,051	1,246	17	17	121	125	59	59	0	0	12	20	28	28	11	11	12	12	0	0	490,856	648,670	75.67%
COLLINGSWORTH	0 of 8 precinct reporting	724	1,048	112	155	8	12	1	1	0	2	0	0	0	0	0	0	0	0	0	0	0	0	0	0	0	0	1,218	1,942	62.72%
COLORADO	0 of 5 precinct reporting	5,909	7,472	2,088	2,420	38	50	14	19	0	0	0	0	0	0	0	0	0	0	0	0	0	0	0	0	10	14	9,975	14,378	69.38%
COMAL	0 of 30 precinct reporting	56,559	62,740	22,901	24,826	855	1,106	156	191	0	0	16	18	0	0	2	2	4	9	0	0	0	0	0	0	0	0	88,892	115,876	76.71%
COMANCHE	0 of 15 precinct reporting	3,965	5,177	687	853	26	49	2	5	0	0	1	2	0	0	0	0	0	0	0	0	0	0	0	0	0	0	6,086	9,562	63.65%
CONCHO	0 of 9 precinct reporting	636	1,058	138	197	7	10	2	3	0	0	0	0	0	0	0	0	0	0	0	0	0	0	0	0	0	0	1,268	1,757	72.17%
COOKE	0 of 30 precinct reporting	10,964	15,596	2,555	3,210	100	156	19	26	0	0	7	7	0	0	0	0	1	1	0	0	0	0	0	0	0	0	18,996	27,268	69.66%
CORYELL	0 of 16 precinct reporting	12,494	15,438	6,502	7,565	289	410	57	77	0	0	0	0	1	1	1	1	1	1	0	0	0	0	0	0	0	0	23,493	41,450	56.68%
COTTLE	0 of 5 precinct reporting	398	540	88	113	4	6	1	3	0	0	0	0	0	0	0	0	0	0	0	0	0	0	0	0	0	0	662	1,041	63.59%
CRANE	0 of 4 precinct reporting	906	1,247	170	241	7	10	2	4	0	0	0	0	0	0	0	0	0	0	1	1	0	0	0	0	0	0	1,503	2,663	56.44%
CROCKETT	0 of 5 precinct reporting	940	1,220	269	344	4	9	0	1	0	0	0	0	0	0	0	0	0	0	0	0	0	0	0	0	0	0	1,574	2,473	63.65%
CROSBY	0 of 5 precinct reporting	868	1,396	337	527	12	22	4	8	0	0	0	0	0	0	0	0	0	0	0	0	0	0	0	0	0	0	1,953	3,629	53.82%
CULBERSON	0 of 6 precinct reporting	256	415	297	438	4	9	1	2	0	0	0	0	0	0	0	0	0	0	0	0	0	0	0	0	0	0	864	1,709	50.56%
DALLAM	0 of 10 precinct reporting	891	1,389	128	197	8	18	4	5	0	0	0	0	0	0	0	0	0	0	0	0	0	0	0	0	0	0	1,609	3,046	52.82%
DALLAS	0 of 1,170 precinct reporting	262,463	307,076	528,439	598,576	7,311	9,635	2,742	3,667	2	2	368	477	8	11	1	1	17	21	26	35	0	0	1	1	1	2	919,504	1,398,469	65.75%
DAWSON	0 of 10 precinct reporting	2,307	2,951	589	808	18	25	4	5	0	0	0	0	0	0	0	0	0	0	0	0	0	0	0	0	0	0	3,789	7,104	53.34%
DEAF SMITH	0 of 5 precinct reporting	2,673	3,294	925	1,264	23	35	14	17	0	0	0	0	0	0	0	0	0	0	0	0	0	0	0	0	0	0	4,610	8,900	51.80%
DELTA	0 of 8 precinct reporting	1,489	2,162	327	403	15	24	2	3	0	0	0	0	0	0	0	0	0	0	0	0	0	0	0	0	0	0	2,592	3,949	65.64%
DENTON	0 of 186 precinct reporting	203,281	222,480	175,169	188,695	4,546	5,421	917	1,092	2	2	181	207	7	11	3	3	9	13	20	22	3	3	6	6	8	9	417,964	565,089	73.96%
DEWITT	0 of 10 precinct reporting	5,000	6,567	1,187	1,494	35	46	7	11	0	0	0	0	0	0	0	0	0	0	0	0	0	0	0	0	0	0	8,118	12,094	67.12%
DICKENS	0 of 7 precinct reporting	586	853	87	130	2	3	1	2	0	0	0	0	0	0	0	0	0	0	0	0	0	0	0	0	0	0	988	1,328	74.40%
DIMMIT	0 of 8 precinct reporting	852	1,384	1,592	2,264	8	10	3	8	0	0	0	0	0	0	0	0	0	0	0	0	0	0	0	0	0	0	3,666	7,341	49.94%
DONLEY	0 of 7 precinct reporting	1,009	1,438	143	198	6	11	0	1	0	0	0	0	0	0	0	0	0	0	0	0	0	0	0	0	0	0	1,648	2,322	70.97%
DUVAL	0 of 10 precinct reporting	1,800	2,443	2,126	2,575	12	22	10	13	0	0	0	0	0	0	0	0	0	0	0	0	0	0	0	0	0	0	5,053	8,346	60.54%
EASTLAND	0 of 10 precinct reporting	5,698	7,237	793	983	35	60	10	12	0	0	0	0	0	0	0	0	0	0	0	0	0	0	0	0	1	1	8,293	12,230	67.81%
ECTOR	0 of 41 precinct reporting	25,957	32,697	9,256	11,367	292	428	56	89	0	0	2	6	2	2	1	1	0	0	0	0	0	0	1	1	0	0	44,591	80,872	55.14%
EDWARDS	0 of 5 precinct reporting	646	893	125	168	2	5	0	0	0	0	0	0	0	0	0	0	0	0	0	0	0	0	0	0	0	0	1,066	1,499	71.11%
ELLIS	0 of 50 precinct reporting	49,660	56,717	24,515	27,565	736	954	168	220	0	0	24	27	4	5	0	0	3	3	1	1	0	0	1	1	0	0	85,493	120,188	71.13%
EL PASO	0 of 209 precinct reporting	67,815	84,331	152,262	178,126	2,052	2,746	1,069	1,445	1	2	35	57	2	3	1	1	4	6	6	11	0	0	0	0	1	1	266,729	488,470	54.60%
ERATH	0 of 22 precinct reporting	11,039	13,684	2,409	2,916	165	218	26	35	0	0	1	2	1	1	0	0	0	0	0	0	0	0	0	0	0	0	16,856	23,935	70.42%
FALLS	0 of 13 precinct reporting	2,342	4,177	1,306	1,899	27	44	8	13	0	0	0	0	0	0	0	0	0	0	0	0	0	0	0	0	0	0	6,133	10,361	59.19%
FANNIN	0 of 17 precinct reporting	8,823	12,171	2,141	2,655	94	155	16	23	0	0	3	3	0	0	0	0	0	0	0	0	0	0	0	0	0	0	15,007	22,199	67.60%
FAYETTE	0 of 27 precinct reporting	7,184	10,171	2,032	2,661	53	83	17	26	0	0	0	0	0	0	0	0	0	0	0	0	0	0	0	0	0	0	12,941	17,398	74.38%
FISHER	0 of 5 precinct reporting	1,022	1,448	262	352	17	21	3	5	0	0	0	0	0	0	0	0	0	0	0	0	0	0	0	0	0	0	1,826	2,646	69.01%
FLOYD	0 of 7 precinct reporting	1,315	1,584	340	438	8	15	2	2	0	0	0	0	0	0	0	0	0	0	0	0	0	0	0	0	0	0	2,039	3,850	52.96%
FOARD	0 of 5 precinct reporting	332	445	76	99	3	6	1	1	0	0	0	0	0	0	0	0	0	0	0	0	0	0	0	0	0	0	551	884	62.33%
FORT BEND	0 of 160 precinct reporting	143,744	157,718	180,556	195,552	2,564	3,028	905	1,091	0	0	86	99	6	7	1	1	5	5	11	12	0	0	0	0	1	1	357,514	482,368	74.12%
FRANKLIN	0 of 9 precinct reporting	3,250	4,161	662	804	24	36	7	8	0	0	0	0	0	0	0	0	0	0	0	0	0	0	0	0	0	0	5,009	7,061	70.94%
FREESTONE	0 of 16 precinct reporting	5,183	6,991	1,317	1,635	33	67	10	18	0	0	0	0	0	0	0	0	0	0	0	0	0	0	0	0	0	0	8,711	12,481	69.79%
FRIO	0 of 10 precinct reporting	1,863	2,823	1,801	2,422	11	23	6	11	0	0	0	0	0	0	0	0	0	0	0	0	0	0	0	0	0	0	5,279	8,984	58.76%
GAINES	0 of 9 precinct reporting	4,709	5,355	463	576	37	54	7	10	0	0	1	1	0	0	0	0	0	0	0	0	0	0	0	0	0	0	5,996	9,701	61.81%
GALVESTON	0 of 93 precinct reporting	85,245	93,911	53,904	58,842	1,547	1,913	312	393	0	0	1	1	0	0	0	0	0	0	0	0	0	0	0	0	0	0	155,060	228,482	67.87%
GARZA	0 of 7 precinct reporting	1,058	1,413	169	231	4	5	4	4	0	0	0	0	0	0	0	0	0	0	0	0	0	0	0	0	0	0	1,653	2,681	61.66%
GILLESPIE	0 of 14 precinct reporting	9,758	12,514	2,808	3,176	106	140	12	16	0	0	0	1	0	1	0	0	2	2	0	0	0	0	0	0	0	0	15,850	20,404	77.68%
GLASSCOCK	0 of 5 precinct reporting	454	611	32	39	0	3	0	0	0	0	0	0	0	0	0	0	0	0	0	0	0	0	0	0	0	0	653	800	81.63%
GOLIAD	0 of 10 precinct reporting	2,216	3,085	681	877	13	24	1	2	4	6	0	0	0	0	0	0	0	0	0	1	0	0	0	0	0	0	3,995	5,766	69.29%
GONZALES	0 of 16 precinct reporting	4,487	5,627	1,585	1,948	37	57	11	15	0	0	0	0	0	0	0	0	0	0	1	1	0	0	0	0	0	0	7,648	12,629	60.56%
GRAY	0 of 8 precinct reporting	5,057	6,840	640	829	65	97	12	16	0	0	0	0	0	0	0	0	0	0	0	0	0	0	0	0	0	0	7,782	12,406	62.73%
GRAYSON	0 of 37 precinct reporting	37,616	44,163	12,785	14,506	468	634	86	136	0	0	18	21	2	2	0	0	3	5	2	3	0	0	0	0	4	4	59,474	86,740	68.57%
GREGG	0 of 22 precinct reporting	29,057	32,493	13,111	14,796	424	551	92	113	0	0	20	24	2	5	0	0	0	0	0	0	0	0	0	0	0	0	47,982	72,867	65.85%
GRIMES	0 of 15 precinct reporting	7,188	9,432	2,283	2,833	69	118	21	30	0	0	0	0	1	1	0	0	0	0	0	0	0	0	0	0	0	0	12,414	17,877	69.44%
GUADALUPE	0 of 72 precinct reporting	41,386	47,553	25,861	28,805	787	1,023	166	211	0	0	18	19	2	2	1	1	0	2	2	2	0	0	0	0	1	1	77,619	111,142	69.84%
HALE	0 of 31 precinct reporting	5,732	7,177	1,695	2,279	65	97	22	31	0	0	2	2	0	0	0	0	0	0	0	0	0	0	0	0	0	0	9,586	18,997	50.46%
HALL	0 of 5 precinct reporting	684	995	120	168	3	4	0	1	0	0	0	0	1	1	0	0	0	0	0	0	0	0	0	0	0	0	1,169	1,926	60.70%
HAMILTON	0 of 12 precinct reporting	2,719	3,616	509	641	40	52	37	40	0	0	2	2	0	0	0	0	0	0	0	0	0	0	0	0	0	0	4,351	5,832	74.61%
HANSFORD	0 of 8 precinct reporting	1,238	1,849	110	166	13	27	2	3	0	0	1	2	0	0	0	0	0	0	0	0	0	0	0	0	0	0	2,047	3,009	68.03%
HARDEMAN	0 of 4 precinct reporting	836	1,330	173	241	5	9	0	0	0	0	0	0	0	0	0	0	0	0	0	0	0	0	0	0	0	0	1,580	2,486	63.56%
HARDIN	0 of 20 precinct reporting	19,600	23,858	3,017	3,474	202	276	17	27	0	0	0	0	0	0	0	0	0	0	0	0	0	0	0	0	0	0	27,635	39,952	69.17%
HARRIS	0 of 1,013 precinct reporting	607,230	700,630	815,717	918,193	13,033	16,819	3,900	5,129	1	1	0	0	0	0	2	3	20	26	11	11	2	2	1	1	3	3	1,640,818	2,480,522	66.15%
HARRISON	0 of 27 precinct reporting	18,391	21,466	6,915	7,908	215	294	36	42	0	0	5	5	0	0	0	0	1	1	0	0	0	0	0	0	1	1	29,717	45,933	64.70%
HARTLEY	0 of 7 precinct reporting	1,462	1,868	151	195	10	14	1	1	0	0	0	0	0	0	0	0	0	0	0	0	0	0	0	0	0	0	2,078	2,909	71.43%
HASKELL	0 of 5 precinct reporting	1,132	1,840	233	353	6	15	6	6	0	0	0	0	0	0	0	0	0	0	0	0	0	0	0	0	0	0	2,214	3,377	65.56%
HAYS	0 of 69 precinct reporting	42,338	47,680	54,287	59,524	1,398	1,735	326	418	0	0	23	27	3	3	0	0	2	2	5	6	0	0	0	0	0	0	109,395	152,840	71.57%
HEMPHILL	0 of 9 precinct reporting	1,007	1,486	153	206	15	25	0	3	0	0	0	0	0	0	0	0	0	0	0	0	0	0	0	0	0	0	1,720	2,355	73.04%
HENDERSON	0 of 28 precinct reporting	23,524	28,911	5,967	7,060	178	264	46	75	0	0	4	4	0	0	0	0	2	2	1	1	0	0	0	0	0	0	36,317	54,663	66.44%
HIDALGO	0 of 256 precinct reporting	75,345	90,527	111,251	128,199	1,013	1,261	722	865	3	3	17	22	1	1	3	3	2	2	0	0	0	0	1	1	0	0	220,884	391,309	56.45%
HILL	0 of 22 precinct reporting	7,532	11,926	2,049	2,860	78	119	15	26	0	0	0	0	0	0	0	0	0	0	0	0	0	0	0	0	0	0	14,931	23,625	63.20%
HOCKLEY	0 of 15 precinct reporting	5,116	6,536	1,158	1,482	36	61	9	16	5	5	0	0	0	0	0	0	0	0	0	0	0	0	0	0	0	0	8,100	13,781	58.78%
HOOD	0 of 16 precinct reporting	20,899	26,496	4,776	5,648	193	319	49	71	0	0	6	6	0	0	0	0	0	0	0	0	0	0	0	0	1	1	32,541	44,831	72.59%
HOPKINS	0 of 22 precinct reporting	10,314	12,719	2,529	3,046	99	143	27	31	0	0	2	2	0	0	0	0	0	0	0	0	0	0	0	0	0	0	15,941	23,954	66.55%
HOUSTON	0 of 22 precinct reporting	5,208	7,060	1,848	2,314	39	56	2	7	1	1	0	0	0	0	0	0	0	0	0	0	0	0	0	0	0	0	9,438	13,444	70.20%
HOWARD	0 of 27 precinct reporting	6,667	8,054	1,763	2,069	61	89	22	28	0	0	0	1	0	0	0	0	0	0	0	0	0	0	0	0	0	0	10,241	17,526	58.43%
HUDSPETH	0 of 5 precinct reporting	395	779	188	371	6	10	2	5	0	0	0	0	0	0	0	0	0	0	0	0	0	0	0	0	0	0	1,165	2,085	55.88%
HUNT	0 of 34 precinct reporting	21,132	29,163	6,890	8,906	251	434	41	71	0	0	14	18	1	3	0	0	2	2	0	0	0	0	0	0	0	0	38,597	59,367	65.01%
HUTCHINSON	0 of 9 precinct reporting	6,170	7,681	779	965	77	115	6	10	0	0	2	2	0	0	0	0	0	0	0	0	0	0	0	0	0	0	8,773	13,533	64.83%
IRION	0 of 5 precinct reporting	569	759	93	120	6	8	2	2	0	0	0	0	0	0	0	0	0	0	0	0	0	0	0	0	0	0	889	1,298	68.49%
JACK	0 of 7 precinct reporting	2,644	3,418	276	331	16	24	6	9	0	0	0	0	0	0	0	0	0	0	0	0	0	0	0	0	0	0	3,782	5,254	71.98%
JACKSON	0 of 10 precinct reporting	4,212	5,231	833	1,033	37	53	15	23	7	11	2	2	0	0	0	0	0	0	0	0	0	0	0	0	0	0	6,353	9,482	67.00%
JASPER	0 of 21 precinct reporting	10,146	12,542	2,487	2,954	72	105	4	7	0	0	0	2	0	0	0	0	0	0	0	1	0	0	0	0	0	0	15,611	23,374	66.79%
JEFF DAVIS	0 of 6 precinct reporting	616	784	409	501	13	17	2	3	0	0	0	0	0	0	0	0	0	0	0	0	0	0	0	0	0	0	1,305	1,670	78.14%
JEFFERSON	0 of 140 precinct reporting	42,149	47,570	41,207	46,073	692	897	159	199	0	0	15	16	1	1	0	0	0	0	1	2	1	1	0	0	0	0	94,759	149,372	63.44%
JIM HOGG	0 of 6 precinct reporting	502	833	940	1,197	2	4	2	2	0	0	0	0	0	0	0	0	0	0	0	0	0	0	0	0	0	0	2,036	3,800	53.58%
JIM WELLS	0 of 22 precinct reporting	5,313	7,453	4,711	6,119	51	69	19	28	0	0	0	0	0	0	0	0	0	0	0	0	0	0	0	0	0	0	13,669	26,636	51.32%
JOHNSON	0 of 36 precinct reporting	46,130	54,628	14,345	16,464	588	771	99	142	0	0	10	10	1	2	0	0	1	2	0	0	0	0	0	0	0	1	72,020	105,574	68.22%
JONES	0 of 12 precinct reporting	3,645	5,660	719	999	37	63	12	19	0	0	0	0	0	0	0	0	0	0	0	0	0	0	0	0	0	0	6,741	9,635	69.96%
KARNES	0 of 15 precinct reporting	2,705	3,968	951	1,234	17	30	11	17	0	0	2	3	0	0	0	0	0	0	0	0	0	0	0	0	0	0	5,252	8,359	62.83%
KAUFMAN	0 of 31 precinct reporting	31,809	37,624	16,114	18,405	409	528	113	146	0	0	14	14	0	0	0	0	0	0	0	0	0	0	0	0	1	1	56,718	81,901	69.25%
KENDALL	0 of 11 precinct reporting	17,744	20,083	5,544	6,020	220	289	32	46	0	0	7	10	0	0	1	1	1	3	0	0	0	0	0	0	0	0	26,452	33,836	78.18%
KENEDY	0 of 6 precinct reporting	84	127	43	65	1	1	1	1	0	0	0	0	0	0	0	0	0	0	0	0	0	0	0	0	0	0	194	296	65.54%
KENT	0 of 7 precinct reporting	279	411	44	47	0	1	1	3	0	0	0	0	0	0	0	0	0	0	0	0	0	0	0	0	0	0	462	592	78.04%
KERR	0 of 21 precinct reporting	17,975	20,879	5,827	6,524	217	283	36	51	0	0	4	4	0	0	0	0	0	0	2	2	0	1	0	0	1	1	27,745	37,726	73.54%
KIMBLE	0 of 8 precinct reporting	1,570	1,987	223	284	11	17	2	4	0	0	0	0	0	0	0	0	0	0	0	0	0	0	0	0	0	0	2,292	3,113	73.63%
KING	0 of 5 precinct reporting	107	151	3	8	0	0	0	0	0	0	0	0	0	0	0	0	0	0	0	0	0	0	0	0	0	0	159	183	86.89%
KINNEY	0 of 4 precinct reporting	939	1,144	379	446	8	11	1	2	0	0	0	0	0	0	0	0	0	0	0	0	0	0	0	0	0	0	1,603	2,270	70.62%
KLEBERG	0 of 18 precinct reporting	4,252	5,504	4,448	5,314	77	97	19	29	0	0	0	0	0	0	0	0	0	0	0	0	0	0	0	0	0	0	10,944	18,749	58.37%
KNOX	0 of 7 precinct reporting	619	1,180	147	265	5	7	1	4	0	0	0	0	0	0	0	0	0	0	0	0	0	0	0	0	0	0	1,456	2,391	60.90%
LAMAR	0 of 27 precinct reporting	12,903	16,760	3,737	4,458	117	172	16	28	21	24	0	0	0	0	0	0	0	0	0	0	0	0	0	0	0	0	21,442	32,390	66.20%
LAMB	0 of 12 precinct reporting	2,477	3,521	595	840	27	40	4	7	0	0	0	0	0	0	0	0	0	0	1	1	0	0	0	0	1	1	4,410	8,085	54.55%
LAMPASAS	0 of 10 precinct reporting	6,667	8,086	1,878	2,144	107	145	13	24	0	0	0	0	0	0	0	0	0	0	0	0	0	0	0	0	0	0	10,399	15,424	67.42%
LASALLE	0 of 5 precinct reporting	865	1,335	739	1,052	6	12	3	7	0	0	0	0	0	0	0	0	0	0	0	0	0	0	0	0	0	0	2,406	4,426	54.36%
LAVACA	0 of 20 precinct reporting	6,276	8,804	1,022	1,333	34	46	4	8	0	0	2	2	0	0	0	0	2	4	0	0	0	0	0	0	0	0	10,197	13,661	74.64%
LEE	0 of 16 precinct reporting	5,021	6,255	1,475	1,750	46	65	8	16	0	0	0	0	1	1	0	0	0	0	0	0	0	0	0	0	0	0	8,087	11,145	72.56%
LEON	0 of 18 precinct reporting	4,911	7,523	752	1,072	34	57	10	14	0	0	2	4	0	0	0	0	1	4	0	0	0	0	0	0	0	0	8,674	11,727	73.97%
LIBERTY	0 of 30 precinct reporting	19,555	23,302	4,644	5,785	150	218	21	29	0	0	0	0	0	0	0	0	0	0	0	0	0	0	0	0	0	0	29,334	46,155	63.56%
LIMESTONE	0 of 21 precinct reporting	5,037	6,789	1,778	2,213	50	66	20	27	0	0	0	0	0	0	0	0	0	0	0	0	0	0	0	0	0	0	9,095	13,963	65.14%
LIPSCOMB	0 of 7 precinct reporting	489	1,205	75	131	4	17	0	0	0	0	0	0	0	0	0	0	0	0	0	0	0	0	0	0	0	0	1,353	1,977	68.44%
LIVE OAK	0 of 15 precinct reporting	2,823	4,199	595	819	16	30	5	6	0	0	0	0	0	0	0	0	0	0	0	0	0	0	0	0	0	0	5,054	7,572	66.75%
LLANO	0 of 10 precinct reporting	8,944	10,079	2,275	2,465	69	99	12	16	0	0	0	0	1	1	0	0	0	0	0	0	0	0	0	0	0	0	12,660	16,688	75.86%
LOVING	0 of 5 precinct reporting	43	60	2	4	0	2	0	0	0	0	0	0	0	0	0	0	0	0	0	0	0	0	0	0	0	0	66	111	59.46%
LUBBOCK	0 of 98 precinct reporting	69,956	78,861	35,293	40,017	1,230	1,617	207	276	0	0	29	37	0	0	0	0	3	3	0	1	0	0	2	2	3	3	120,817	183,320	65.90%
LYNN	0 of 15 precinct reporting	1,038	1,853	229	428	5	10	1	2	0	0	0	0	0	0	0	0	0	0	0	0	0	0	0	0	0	0	2,293	4,028	56.93%
MCCULLOCH	0 of 4 precinct reporting	2,237	2,904	408	490	25	36	4	6	0	0	0	0	0	0	0	0	0	0	0	0	0	0	0	0	0	0	3,436	5,361	64.09%
MCLENNAN	0 of 92 precinct reporting	47,829	59,543	31,319	36,688	910	1,297	177	243	0	0	69	94	1	1	1	1	1	1	3	4	0	0	0	0	0	0	97,872	149,461	65.48%
MCMULLEN	0 of 5 precinct reporting	337	460	27	53	2	2	0	1	0	0	0	0	0	0	0	0	0	0	0	0	0	0	0	0	0	0	516	706	73.09%
MADISON	0 of 5 precinct reporting	3,436	4,169	914	1,088	21	30	9	10	0	0	1	1	0	0	0	0	0	0	0	0	0	0	0	0	0	0	5,298	7,822	67.73%
MARION	0 of 10 precinct reporting	2,612	3,470	1,083	1,339	28	47	7	8	0	0	0	0	0	0	0	0	0	0	0	0	0	0	0	0	0	0	4,864	7,596	64.03%
MARTIN	0 of 6 precinct reporting	1,483	1,857	217	288	9	13	1	2	0	0	0	0	0	0	0	0	0	0	0	0	0	0	0	0	0	0	2,160	3,467	62.30%
MASON	0 of 5 precinct reporting	1,657	1,991	407	457	15	19	2	2	4	5	0	0	0	0	0	0	0	0	0	0	0	0	0	0	0	0	2,474	3,168	78.09%
MATAGORDA	0 of 19 precinct reporting	7,785	9,845	3,070	3,733	79	115	26	33	0	0	1	1	0	0	0	0	0	0	0	0	0	0	0	0	0	0	13,727	22,026	62.32%
MAVERICK	0 of 14 precinct reporting	4,782	6,881	6,512	8,332	54	73	43	60	0	0	0	0	0	0	0	0	0	0	0	0	0	0	0	0	0	0	15,346	33,050	46.43%
MEDINA	0 of 8 precinct reporting	13,845	15,642	5,969	6,773	144	184	40	45	0	0	7	8	0	0	0	0	3	3	0	0	1	1	0	0	1	1	22,657	33,763	67.11%
MENARD	0 of 7 precinct reporting	635	823	161	197	5	6	1	2	0	0	0	0	0	0	0	0	0	0	0	0	0	0	0	0	0	0	1,028	1,469	69.98%
MIDLAND	0 of 45 precinct reporting	38,777	45,624	10,562	12,329	588	777	103	126	0	0	1	1	1	1	0	0	1	1	0	0	0	0	0	0	0	0	58,859	90,392	65.12%
MILAM	0 of 12 precinct reporting	6,756	7,984	2,116	2,496	54	72	15	24	0	0	2	2	0	0	0	0	0	0	0	0	0	0	0	0	0	0	10,578	15,838	66.79%
MILLS	0 of 8 precinct reporting	1,714	2,217	228	271	9	15	1	2	0	0	0	0	0	0	0	0	0	0	0	0	0	0	0	0	0	0	2,505	3,429	73.05%
MITCHELL	0 of 7 precinct reporting	1,591	2,170	294	397	8	11	0	1	0	0	0	0	0	0	0	0	0	0	0	0	0	0	0	0	0	0	2,579	4,524	57.01%
MONTAGUE	0 of 16 precinct reporting	7,020	8,615	938	1,097	64	78	20	24	0	0	3	5	0	0	0	0	0	0	0	0	0	0	0	0	0	0	9,819	14,001	70.13%
MONTGOMERY	0 of 101 precinct reporting	167,916	193,382	65,973	74,377	2,407	3,166	405	526	2	2	47	54	4	4	0	0	18	28	2	2	0	0	0	0	2	2	271,543	370,060	73.38%
MOORE	0 of 8 precinct reporting	3,153	4,359	568	1,062	32	66	4	21	0	0	0	0	0	0	0	0	0	0	0	0	0	0	0	0	0	0	5,508	9,995	55.11%
MORRIS	0 of 9 precinct reporting	2,805	3,872	1,300	1,669	20	36	7	10	0	0	0	0	0	0	0	0	0	0	0	0	0	0	0	0	0	0	5,587	8,583	65.09%
MOTLEY	0 of 7 precinct reporting	408	604	34	46	1	2	0	0	0	0	0	0	0	0	0	0	0	0	0	0	0	0	0	0	0	0	652	859	75.90%
NACOGDOCHES	0 of 26 precinct reporting	14,155	17,378	7,964	9,000	222	302	67	83	0	0	14	19	0	0	0	0	1	1	1	1	0	0	0	1	0	0	26,785	38,786	69.06%
NAVARRO	0 of 30 precinct reporting	10,045	13,800	3,876	5,101	105	167	32	53	0	0	1	2	0	0	0	0	0	0	0	0	0	0	0	0	0	0	19,123	29,959	63.83%
NEWTON	0 of 23 precinct reporting	3,220	4,882	838	1,173	19	34	2	5	0	0	0	0	0	0	0	0	0	0	0	0	0	0	0	0	0	0	6,094	9,400	64.83%
NOLAN	0 of 10 precinct reporting	2,690	4,131	840	1,162	28	53	7	10	1	1	0	0	0	0	0	0	0	0	0	0	0	0	0	0	0	0	5,357	8,871	60.39%
NUECES	0 of 128 precinct reporting	55,828	64,617	54,080	60,925	1,102	1,404	275	368	0	0	6	6	0	0	0	0	1	1	1	1	0	0	0	0	0	0	127,322	211,652	60.16%
OCHILTREE	0 of 5 precinct reporting	2,007	2,812	204	302	28	37	3	3	0	0	0	0	0	0	0	0	0	0	0	1	0	0	1	1	0	0	3,156	5,192	60.79%
OLDHAM	0 of 8 precinct reporting	578	917	40	81	5	10	0	1	0	0	0	0	0	0	0	0	0	0	0	0	0	0	0	0	0	0	1,009	1,425	70.81%
ORANGE	0 of 35 precinct reporting	24,660	29,186	5,490	6,357	289	376	42	51	0	0	2	4	1	1	1	1	0	0	5	5	4	4	5	5	4	4	35,994	54,442	66.11%
PALO PINTO	0 of 28 precinct reporting	7,709	10,179	1,818	2,178	64	101	19	27	1	1	2	2	0	0	0	0	1	1	0	0	0	0	0	0	0	0	12,489	18,946	65.92%
PANOLA	0 of 20 precinct reporting	6,522	9,326	1,526	2,057	37	57	6	11	0	0	0	0	0	0	0	0	0	0	0	0	0	0	0	0	0	0	11,451	16,808	68.13%
PARKER	0 of 44 precinct reporting	53,197	62,045	11,353	13,017	678	880	122	158	0	0	18	21	1	1	0	0	4	4	0	0	0	0	0	1	1	1	76,128	103,999	73.20%
PARMER	0 of 10 precinct reporting	1,103	2,135	207	488	6	23	1	4	0	0	0	0	0	0	0	0	0	0	0	0	0	0	0	0	0	0	2,650	4,537	58.41%
PECOS	0 of 10 precinct reporting	2,635	3,215	1,188	1,382	36	50	16	21	0	0	0	0	0	0	0	0	0	0	0	0	0	0	0	0	0	0	4,668	8,323	56.09%
POLK	0 of 22 precinct reporting	15,594	18,573	4,681	5,387	137	171	39	50	0	0	5	5	0	0	0	0	0	0	0	0	0	0	0	0	0	0	24,186	40,520	59.69%
POTTER	0 of 25 precinct reporting	18,532	22,820	8,029	9,921	317	454	88	126	0	0	7	9	0	0	1	1	2	2	2	4	0	0	0	0	0	0	33,337	57,736	57.74%
PRESIDIO	0 of 8 precinct reporting	532	721	1,249	1,463	17	21	8	12	0	0	0	0	0	0	0	0	0	0	0	0	0	0	0	0	0	0	2,217	4,789	46.29%
RAINS	0 of 9 precinct reporting	4,289	5,155	711	842	27	43	9	13	0	0	0	0	0	0	0	0	0	0	0	0	0	0	0	0	0	0	6,053	8,320	72.75%
RANDALL	0 of 23 precinct reporting	44,301	50,796	11,220	12,802	688	910	95	129	0	0	20	26	0	0	1	1	5	6	1	1	0	0	2	2	0	1	64,674	93,313	69.31%
REAGAN	0 of 5 precinct reporting	753	942	142	172	4	7	3	3	0	0	0	0	0	0	0	0	0	0	0	0	0	0	0	0	0	0	1,124	1,879	59.82%
REAL	0 of 6 precinct reporting	1,353	1,643	271	320	10	14	4	5	0	0	0	0	0	0	0	0	0	0	0	0	0	0	0	0	0	0	1,982	2,702	73.35%
RED RIVER	0 of 20 precinct reporting	3,232	4,517	1,009	1,246	21	36	4	7	0	0	0	0	0	0	0	0	0	0	0	0	0	0	0	0	0	0	5,806	8,489	68.39%
REEVES	0 of 12 precinct reporting	1,583	2,254	1,130	1,395	18	30	6	8	2	2	0	0	0	0	0	0	0	0	0	0	0	0	0	0	0	0	3,689	7,558	48.81%
REFUGIO	0 of 11 precinct reporting	1,669	2,210	832	1,108	15	26	15	21	0	0	0	0	0	0	0	0	0	0	1	1	0	0	0	0	0	0	3,366	5,007	67.23%
ROBERTS	0 of 5 precinct reporting	351	529	10	17	3	4	0	0	0	0	0	0	0	0	0	0	0	0	0	0	0	0	0	0	0	0	550	680	80.88%
ROBERTSON	0 of 16 precinct reporting	4,600	5,646	1,899	2,374	50	66	8	13	0	0	0	0	0	0	0	0	0	0	0	0	0	0	0	0	0	0	8,099	11,844	68.38%
ROCKWALL	0 of 18 precinct reporting	32,947	36,726	14,989	16,412	500	611	100	121	0	0	19	19	0	0	0	0	1	1	0	0	0	0	0	0	1	1	53,891	71,102	75.79%
RUNNELS	0 of 11 precinct reporting	2,792	3,807	407	552	23	39	7	11	0	0	0	0	0	0	0	0	0	0	0	0	0	0	0	0	0	0	4,409	7,025	62.76%
RUSK	0 of 23 precinct reporting	12,398	16,534	3,682	4,629	99	155	28	50	0	0	3	7	0	0	0	0	0	0	0	0	0	1	0	0	1	1	21,377	32,388	66.00%
SABINE	0 of 9 precinct reporting	3,757	4,784	542	669	19	27	5	7	2	4	0	0	0	0	0	0	0	0	0	0	0	0	0	0	0	0	5,491	8,050	68.21%
SAN AUGUSTINE	0 of 12 precinct reporting	2,126	3,007	798	980	8	13	1	2	0	0	0	0	0	0	0	0	0	0	0	0	0	0	0	0	0	0	4,002	6,108	65.52%
SAN JACINTO	0 of 12 precinct reporting	8,347	10,161	1,970	2,337	73	101	29	39	0	0	2	2	0	0	0	0	0	0	0	0	0	0	0	0	0	0	12,640	18,969	66.64%
SAN PATRICIO	0 of 26 precinct reporting	14,013	16,516	7,681	8,988	225	291	73	93	0	0	1	2	1	1	0	0	0	0	0	0	0	0	0	0	0	0	25,891	43,248	59.87%
SAN SABA	0 of 4 precinct reporting	1,638	2,308	225	287	7	7	0	0	0	0	0	0	0	0	0	0	0	0	0	0	0	0	0	0	0	0	2,602	3,776	68.91%
SCHLEICHER	0 of 5 precinct reporting	740	940	165	211	3	6	2	2	0	0	0	0	0	0	0	0	0	0	0	0	0	0	0	0	0	0	1,159	1,709	67.82%
SCURRY	0 of 12 precinct reporting	3,947	4,983	649	818	34	53	11	15	0	0	0	1	0	0	0	0	0	0	0	0	0	0	0	0	0	0	5,870	9,489	61.86%
SHACKELFORD	0 of 8 precinct reporting	1,145	1,484	99	130	3	10	3	4	0	0	0	0	0	0	0	0	0	0	0	0	0	0	0	0	0	0	1,628	2,320	70.17%
SHELBY	0 of 15 precinct reporting	5,401	7,975	1,557	2,068	23	37	2	4	0	0	0	2	0	0	0	0	1	1	0	0	0	0	0	0	0	0	10,087	15,570	64.78%
SHERMAN	0 of 5 precinct reporting	601	886	74	91	6	9	3	5	0	1	0	0	0	0	0	0	0	0	0	0	0	0	0	0	0	0	992	1,520	65.26%
SMITH	0 of 74 precinct reporting	60,622	69,080	25,976	29,615	843	1,126	197	254	0	0	0	14	0	0	0	0	0	0	0	0	0	0	0	0	0	0	100,089	146,149	68.48%
SOMERVELL	0 of 4 precinct reporting	3,545	4,105	672	768	39	56	9	10	0	0	5	7	0	0	0	0	1	1	0	0	0	0	0	0	0	0	4,947	6,712	73.70%
STARR	0 of 10 precinct reporting	6,538	8,247	7,660	9,123	75	92	56	63	0	0	0	0	0	0	0	0	0	0	0	0	0	0	0	0	0	0	17,525	34,050	51.47%
STEPHENS	0 of 9 precinct reporting	2,678	3,385	331	397	8	16	1	2	0	0	0	0	0	0	0	0	0	0	0	0	0	0	0	0	0	0	3,800	5,672	67.00%
STERLING	0 of 4 precinct reporting	445	584	36	51	1	1	2	3	0	0	0	0	0	0	0	0	0	0	0	0	0	0	0	0	0	0	639	939	68.05%
STONEWALL	0 of 4 precinct reporting	452	615	91	116	3	4	1	1	0	0	0	0	0	0	0	0	0	0	0	0	0	0	0	0	0	0	736	953	77.23%
SUTTON	0 of 5 precinct reporting	1,053	1,222	273	322	4	9	3	4	0	0	0	0	0	0	0	0	0	0	0	0	0	0	0	0	0	0	1,557	2,449	63.58%
SWISHER	0 of 9 precinct reporting	1,385	1,845	357	478	14	22	5	10	0	0	0	0	0	0	0	0	0	0	0	0	0	0	0	0	0	0	2,355	3,941	59.76%
TARRANT	0 of 730 precinct reporting	357,997	409,741	364,873	411,567	8,067	10,368	1,972	2,617	0	0	259	311	14	14	1	1	38	46	24	28	1	2	0	0	2	2	834,697	1,212,524	68.84%
TAYLOR	0 of 35 precinct reporting	32,345	39,547	12,541	14,588	598	827	115	150	1	2	14	17	1	1	0	0	0	0	1	1	0	0	1	1	1	1	55,135	83,696	65.88%
TERRELL	0 of 5 precinct reporting	258	334	100	119	2	3	0	2	0	0	0	0	0	0	0	0	0	0	0	0	0	0	0	0	0	0	458	673	68.05%
TERRY	0 of 8 precinct reporting	2,257	2,812	596	757	23	33	3	10	0	0	0	0	0	0	0	0	0	0	0	0	0	0	0	0	0	0	3,612	6,589	54.82%
THROCKMORTON	0 of 6 precinct reporting	484	806	53	82	0	5	1	1	0	0	0	0	0	0	0	0	0	0	0	0	0	0	0	0	0	0	894	1,216	73.52%
TITUS	0 of 19 precinct reporting	5,947	7,570	2,206	2,856	65	94	10	19	0	0	0	0	2	2	0	0	0	0	0	0	0	0	0	0	0	0	10,541	17,666	59.67%
TOM GREEN	0 of 35 precinct reporting	23,447	32,313	9,743	12,239	329	546	51	96	0	0	4	10	0	0	0	0	4	4	0	0	2	2	0	0	0	0	45,210	70,086	64.51%
TRAVIS	0 of 248 precinct reporting	141,751	161,337	407,737	435,860	7,224	8,905	1,698	2,094	2	6	216	253	9	9	4	4	14	14	66	78	2	4	6	7	3	4	608,575	854,577	71.21%
TRINITY	0 of 20 precinct reporting	4,281	5,579	1,027	1,323	17	25	9	11	0	0	0	0	0	0	0	0	0	0	0	0	0	0	0	0	0	0	6,938	11,541	60.12%
TYLER	0 of 18 precinct reporting	5,639	8,194	1,101	1,403	26	52	6	11	0	0	0	0	0	0	0	0	0	0	0	0	0	0	0	0	0	0	9,660	14,556	66.36%
UPSHUR	0 of 22 precinct reporting	12,781	15,809	2,452	2,877	105	179	15	22	0	0	3	3	0	1	0	0	0	0	1	1	0	0	0	0	0	0	18,892	28,619	66.01%
UPTON	0 of 5 precinct reporting	912	1,178	138	170	10	13	6	7	0	0	0	0	0	0	0	0	0	0	0	0	0	0	0	0	0	0	1,368	2,207	61.98%
UVALDE	0 of 14 precinct reporting	4,675	6,174	3,471	4,073	46	66	21	29	0	0	0	0	1	1	1	1	0	0	0	0	0	0	0	0	0	0	10,344	17,420	59.38%
VAL VERDE	0 of 17 precinct reporting	6,858	8,284	5,830	6,771	140	170	35	47	0	0	4	4	1	1	1	1	1	1	1	1	0	0	0	0	0	0	15,280	28,927	52.82%
VAN ZANDT	0 of 19 precinct reporting	14,767	22,270	2,484	3,516	96	175	31	33	35	35	0	0	0	0	0	0	0	0	0	0	0	0	0	0	0	0	26,029	38,965	66.80%
VICTORIA	0 of 35 precinct reporting	18,883	23,358	8,744	10,380	231	339	74	103	0	0	3	5	2	2	0	0	0	0	1	1	0	0	0	0	0	0	34,188	56,612	60.39%
WALKER	0 of 17 precinct reporting	12,520	15,375	6,682	7,884	197	287	46	63	0	0	0	0	0	0	1	1	1	1	0	0	0	0	0	0	1	1	23,612	35,038	67.39%
WALLER	0 of 21 precinct reporting	12,136	14,260	6,947	8,191	145	201	64	82	0	0	0	0	0	0	0	0	0	0	0	0	0	0	0	0	0	0	22,734	35,116	64.74%
WARD	0 of 9 precinct reporting	2,512	3,241	578	764	18	29	22	26	0	0	0	0	0	0	0	0	0	0	0	0	0	0	0	0	0	0	4,060	6,880	59.01%
WASHINGTON	0 of 22 precinct reporting	10,711	12,959	3,666	4,261	121	178	12	20	0	0	4	5	2	2	0	0	2	2	0	0	0	0	0	0	0	0	17,427	23,947	72.77%
WEBB	0 of 70 precinct reporting	19,424	25,898	33,454	41,820	312	446	167	233	0	0	0	0	0	0	0	0	0	0	0	0	0	0	0	0	0	0	68,397	137,840	49.62%
WHARTON	0 of 13 precinct reporting	10,449	11,926	3,981	4,694	85	105	29	36	0	0	0	0	0	0	0	0	0	0	0	0	0	0	0	0	0	0	16,761	25,697	65.23%
WHEELER	0 of 11 precinct reporting	1,510	2,159	129	168	3	7	2	3	0	0	0	0	0	0	0	0	0	0	0	0	0	0	0	0	0	0	2,337	3,514	66.51%
WICHITA	0 of 62 precinct reporting	26,483	32,069	10,927	13,161	485	675	90	125	0	0	9	10	0	0	0	0	0	0	0	0	0	0	0	0	0	0	46,040	83,575	55.09%
WILBARGER	0 of 5 precinct reporting	2,938	3,524	779	956	23	33	5	11	0	0	0	0	0	0	0	0	0	0	0	0	0	0	0	0	0	0	4,524	8,196	55.20%
WILLACY	0 of 17 precinct reporting	1,420	2,441	2,127	3,108	0	0	0	0	0	0	0	0	0	0	0	0	0	0	0	0	0	0	0	0	0	0	5,549	12,804	43.34%
WILLIAMSON	0 of 58 precinct reporting	123,803	139,729	132,612	143,795	4,048	4,998	637	790	1	1	135	164	9	10	1	1	34	38	19	23	1	1	2	2	3	3	289,555	376,672	76.87%
WILSON	0 of 17 precinct reporting	15,246	18,463	5,486	6,350	124	151	30	39	0	8	0	0	0	1	0	0	0	0	0	1	0	0	0	0	0	0	25,013	35,036	71.39%
WINKLER	0 of 6 precinct reporting	1,197	1,753	262	358	9	14	1	1	0	0	0	0	0	0	0	0	0	0	0	0	0	0	0	0	0	0	2,126	4,013	52.98%
WISE	0 of 26 precinct reporting	22,874	27,032	4,284	4,973	231	310	31	47	0	0	1	2	0	0	0	0	0	1	0	0	0	0	0	0	0	0	32,365	45,643	70.91%
WOOD	0 of 14 precinct reporting	16,255	19,049	3,134	3,509	126	175	33	40	0	0	0	0	0	0	1	1	2	3	1	1	1	1	0	0	0	0	22,779	32,382	70.34%
YOAKUM	0 of 7 precinct reporting	1,797	2,174	309	420	21	31	5	6	0	0	0	0	0	0	0	0	0	0	0	0	0	0	0	0	0	0	2,631	4,407	59.70%
YOUNG	0 of 10 precinct reporting	6,116	7,110	894	1,034	63	76	16	18	0	0	0	0	0	0	0	0	0	0	0	0	0	0	1	1	0	0	8,239	11,769	70.01%
ZAPATA	0 of 8 precinct reporting	1,192	2,033	1,239	1,826	9	11	2	4	0	0	0	0	0	0	0	0	0	0	0	0	0	0	0	0	0	0	3,874	8,257	46.92%
ZAVALA	0 of 6 precinct reporting	841	1,490	2,117	2,864	5	13	5	12	0	0	0	0	0	0	0	0	0	0	0	0	0	0	0	0	0	0	4,379	8,066	54.29%
