ANDERSON	0 of 23 precinct reporting	11,052	14,943	3,101	3,792	170	249	67	88	0	0	19,072	29,274	65.15%
ANDREWS	0 of 5 precinct reporting	4,009	4,894	642	779	73	107	14	20	0	0	5,800	10,272	56.46%
ANGELINA	0 of 43 precinct reporting	20,644	24,962	7,363	8,771	336	461	118	161	0	0	34,355	53,166	64.62%
ARANSAS	0 of 6 precinct reporting	8,255	9,189	2,495	2,729	141	178	54	68	0	0	12,164	18,306	66.45%
ARCHER	0 of 12 precinct reporting	3,165	4,178	368	467	35	65	13	14	0	0	4,724	6,538	72.25%
ARMSTRONG	0 of 8 precinct reporting	779	1,025	51	64	4	5	4	5	0	0	1,099	1,498	73.36%
ATASCOSA	0 of 25 precinct reporting	9,738	11,906	4,591	5,588	188	258	87	142	2	2	17,896	29,409	60.85%
AUSTIN	0 of 18 precinct reporting	9,051	11,454	2,262	2,752	153	215	38	57	2	3	14,481	20,293	71.36%
BAILEY	0 of 5 precinct reporting	1,018	1,400	233	383	12	28	5	11	0	0	1,822	3,539	51.48%
BANDERA	0 of 11 precinct reporting	8,625	9,957	2,101	2,291	179	234	37	55	0	0	12,537	17,098	73.32%
BASTROP	0 of 23 precinct reporting	16,983	20,468	13,520	15,071	561	757	156	208	2	2	36,506	52,096	70.07%
BAYLOR	0 of 5 precinct reporting	1,206	1,462	138	177	18	30	4	9	0	0	1,678	2,408	69.68%
BEE	0 of 18 precinct reporting	4,522	5,713	2,581	3,103	126	171	42	58	5	10	9,055	16,033	56.48%
BELL	0 of 49 precinct reporting	55,035	68,934	46,338	54,413	1,873	2,725	526	727	4	5	126,804	215,974	58.71%
BEXAR	0 of 767 precinct reporting	282,933	320,095	372,624	411,328	12,103	15,205	4,949	6,307	48	52	752,987	1,189,373	63.31%
BLANCO	0 of 7 precinct reporting	4,647	5,457	1,671	1,816	83	105	22	30	0	0	7,408	9,344	79.28%
BORDEN	0 of 8 precinct reporting	292	390	12	18	1	1	1	2	0	0	411	499	82.36%
BOSQUE	0 of 12 precinct reporting	5,231	7,367	1,131	1,490	77	121	38	60	0	1	9,039	12,724	71.04%
BOWIE	0 of 43 precinct reporting	20,587	26,908	8,782	10,406	338	474	96	143	0	0	37,931	61,407	61.77%
BRAZORIA	0 of 67 precinct reporting	81,920	90,705	53,968	58,759	2,456	3,019	738	879	4	5	153,367	224,256	68.39%
BRAZOS	0 of 99 precinct reporting	41,493	49,346	27,919	32,098	1,638	2,243	340	462	11	12	84,161	122,137	68.91%
BREWSTER	0 of 9 precinct reporting	1,986	2,453	1,858	2,167	77	113	24	35	3	4	4,772	7,524	63.42%
BRISCOE	0 of 6 precinct reporting	392	625	53	79	2	6	2	5	0	0	715	1,025	69.76%
BROOKS	0 of 6 precinct reporting	566	859	1,130	1,425	31	39	18	33	0	0	2,356	5,521	42.67%
BROWN	0 of 19 precinct reporting	10,599	13,482	1,582	1,965	175	250	43	58	0	0	15,755	23,954	65.77%
BURLESON	0 of 14 precinct reporting	5,077	6,596	1,393	1,709	97	142	26	42	0	0	8,489	12,440	68.24%
BURNET	0 of 21 precinct reporting	15,701	18,687	4,679	5,323	319	438	59	92	0	0	24,540	33,697	72.83%
CALDWELL	0 of 32 precinct reporting	6,673	8,044	5,491	6,449	201	272	79	103	8	12	14,880	25,945	57.35%
CALHOUN	0 of 26 precinct reporting	3,848	5,531	1,704	2,092	61	100	12	22	0	0	7,745	13,080	59.21%
CALLAHAN	0 of 8 precinct reporting	4,748	5,892	564	680	77	106	27	41	0	0	6,719	9,773	68.75%
CAMERON	0 of 104 precinct reporting	38,978	46,482	52,251	61,508	1,362	1,797	1,031	1,433	3	3	111,223	218,910	50.81%
CAMP	0 of 5 precinct reporting	3,106	3,597	1,125	1,359	36	57	14	22	0	1	5,036	7,904	63.71%
CARSON	0 of 9 precinct reporting	1,688	2,756	212	286	28	63	1	5	2	3	3,113	4,345	71.65%
CASS	0 of 19 precinct reporting	8,331	10,796	2,170	2,672	99	153	34	192	0	0	13,813	20,889	66.13%
CASTRO	0 of 9 precinct reporting	845	1,572	244	432	8	24	6	13	0	0	2,041	3,853	52.97%
CHAMBERS	0 of 15 precinct reporting	15,173	17,037	3,250	3,786	331	419	88	111	0	0	21,353	30,709	69.53%
CHEROKEE	0 of 25 precinct reporting	11,758	14,945	3,364	4,058	194	269	42	59	0	0	19,331	29,166	66.28%
CHILDRESS	0 of 5 precinct reporting	1,548	1,936	220	283	19	29	9	11	0	0	2,259	3,658	61.76%
CLAY	0 of 17 precinct reporting	3,588	4,958	474	632	45	69	16	27	10	12	5,698	7,959	71.59%
COCHRAN	0 of 4 precinct reporting	525	765	125	183	10	22	5	8	0	0	978	1,771	55.22%
COKE	0 of 5 precinct reporting	1,088	1,557	128	171	10	23	1	3	0	0	1,754	2,414	72.66%
COLEMAN	0 of 5 precinct reporting	3,097	3,586	369	426	28	37	14	16	0	0	4,065	5,960	68.20%
COLLIN	0 of 240 precinct reporting	242,650	263,074	194,460	207,005	7,189	8,495	2,308	2,721	10	11	481,306	648,670	74.20%
COLLINGSWORTH	0 of 8 precinct reporting	713	1,032	104	145	5	10	2	4	0	1	1,192	1,942	61.38%
COLORADO	0 of 5 precinct reporting	5,865	7,367	2,018	2,362	78	116	31	43	0	2	9,890	14,378	68.79%
COMAL	0 of 30 precinct reporting	57,397	63,545	20,882	22,552	1,395	1,753	325	418	2	2	88,270	115,876	76.18%
COMANCHE	0 of 15 precinct reporting	3,888	5,053	657	831	59	90	15	30	0	0	6,004	9,562	62.79%
CONCHO	0 of 9 precinct reporting	634	1,029	128	193	13	20	2	5	0	0	1,247	1,757	70.97%
COOKE	0 of 30 precinct reporting	10,986	15,516	2,354	2,999	190	277	44	85	0	0	18,877	27,268	69.23%
CORYELL	0 of 16 precinct reporting	12,486	15,372	6,116	7,118	443	609	111	149	1	1	23,249	41,450	56.09%
COTTLE	0 of 5 precinct reporting	397	534	84	110	5	7	2	5	0	0	656	1,041	63.02%
CRANE	0 of 4 precinct reporting	886	1,213	157	229	16	24	8	13	0	0	1,479	2,663	55.54%
CROCKETT	0 of 5 precinct reporting	898	1,146	240	314	12	21	4	12	0	0	1,493	2,473	60.37%
CROSBY	0 of 5 precinct reporting	862	1,356	305	486	13	25	6	14	0	0	1,881	3,629	51.83%
CULBERSON	0 of 6 precinct reporting	239	367	264	385	9	19	3	6	1	1	778	1,709	45.52%
DALLAM	0 of 10 precinct reporting	878	1,369	127	200	12	21	3	5	0	0	1,595	3,046	52.36%
DALLAS	0 of 1,170 precinct reporting	284,784	330,851	495,068	560,603	12,133	15,905	6,377	8,282	20	20	915,661	1,398,469	65.48%
DAWSON	0 of 10 precinct reporting	2,260	2,827	518	738	36	60	8	14	0	2	3,641	7,104	51.25%
DEAF SMITH	0 of 5 precinct reporting	2,679	3,273	837	1,151	48	73	20	36	0	0	4,533	8,900	50.93%
DELTA	0 of 8 precinct reporting	1,455	2,111	303	370	19	31	16	22	0	0	2,534	3,949	64.17%
DENTON	0 of 186 precinct reporting	211,760	231,025	159,151	170,984	7,118	8,553	2,196	2,627	15	22	413,211	565,089	73.12%
DEWITT	0 of 10 precinct reporting	4,888	6,399	1,104	1,384	70	84	17	20	0	0	7,887	12,094	65.21%
DICKENS	0 of 7 precinct reporting	559	808	92	133	4	13	2	4	0	0	958	1,328	72.14%
DIMMIT	0 of 8 precinct reporting	825	1,274	1,511	2,122	25	39	14	30	1	3	3,468	7,341	47.24%
DONLEY	0 of 7 precinct reporting	1,006	1,418	124	181	13	22	1	4	0	0	1,625	2,322	69.98%
DUVAL	0 of 10 precinct reporting	1,314	1,787	2,026	2,458	60	97	66	77	0	0	4,419	8,346	52.95%
EASTLAND	0 of 10 precinct reporting	5,538	7,015	732	910	95	131	18	31	2	2	8,089	12,230	66.14%
ECTOR	0 of 41 precinct reporting	25,431	31,711	8,610	10,682	591	902	173	277	0	0	43,572	80,872	53.88%
EDWARDS	0 of 5 precinct reporting	610	824	112	144	9	14	2	3	0	1	986	1,499	65.78%
ELLIS	0 of 50 precinct reporting	50,094	57,078	22,926	25,780	1,262	1,589	455	585	5	7	85,039	120,188	70.75%
EL PASO	0 of 209 precinct reporting	65,584	80,021	141,727	164,931	6,068	8,248	4,282	6,036	8	14	259,250	488,470	53.07%
ERATH	0 of 22 precinct reporting	10,989	13,564	2,226	2,707	237	335	70	102	0	0	16,708	23,935	69.81%
FALLS	0 of 13 precinct reporting	2,361	4,157	1,241	1,787	43	76	6	19	0	0	6,039	10,361	58.29%
FANNIN	0 of 17 precinct reporting	8,653	11,836	2,043	2,559	161	273	49	80	1	1	14,749	22,199	66.44%
FAYETTE	0 of 27 precinct reporting	7,148	10,056	1,990	2,634	77	129	29	45	0	0	12,864	17,398	73.94%
FISHER	0 of 5 precinct reporting	1,015	1,418	256	351	16	28	2	7	0	0	1,804	2,646	68.18%
FLOYD	0 of 7 precinct reporting	1,303	1,554	309	397	16	29	5	10	0	0	1,990	3,850	51.69%
FOARD	0 of 5 precinct reporting	304	404	79	107	5	7	1	1	0	0	519	884	58.71%
FORT BEND	0 of 160 precinct reporting	147,595	160,977	165,588	178,984	4,499	5,359	1,777	2,112	6	7	347,439	482,368	72.03%
FRANKLIN	0 of 9 precinct reporting	3,215	4,114	629	753	44	63	7	12	0	0	4,942	7,061	69.99%
FREESTONE	0 of 16 precinct reporting	5,104	6,838	1,235	1,553	71	116	32	50	0	0	8,557	12,481	68.56%
FRIO	0 of 10 precinct reporting	1,668	2,489	1,703	2,283	45	71	44	78	0	0	4,921	8,984	54.78%
GAINES	0 of 9 precinct reporting	4,502	5,118	446	548	55	76	14	18	0	0	5,760	9,701	59.38%
GALVESTON	0 of 93 precinct reporting	85,945	94,317	50,478	55,094	2,445	3,003	785	969	3	3	153,386	228,482	67.13%
GARZA	0 of 7 precinct reporting	1,043	1,374	164	225	4	11	4	7	0	0	1,617	2,681	60.31%
GILLESPIE	0 of 14 precinct reporting	9,823	12,543	2,652	2,996	138	200	25	39	1	1	15,779	20,404	77.33%
GLASSCOCK	0 of 5 precinct reporting	453	603	27	35	4	5	1	3	0	0	646	800	80.75%
GOLIAD	0 of 10 precinct reporting	2,169	3,000	651	840	25	43	5	14	8	12	3,909	5,766	67.79%
GONZALES	0 of 16 precinct reporting	4,513	5,617	1,448	1,782	55	89	28	42	1	1	7,531	12,629	59.63%
GRAY	0 of 8 precinct reporting	4,998	6,705	586	774	104	167	32	42	0	0	7,688	12,406	61.97%
GRAYSON	0 of 37 precinct reporting	37,472	43,735	12,121	13,938	761	1,008	212	293	0	0	58,974	86,740	67.99%
GREGG	0 of 22 precinct reporting	29,089	32,467	12,419	14,025	615	787	166	204	1	1	47,484	72,867	65.17%
GRIMES	0 of 15 precinct reporting	7,145	9,338	2,153	2,678	125	199	41	60	0	0	12,275	17,877	68.66%
GUADALUPE	0 of 72 precinct reporting	42,176	48,308	24,035	26,697	1,200	1,545	334	428	2	3	76,981	111,142	69.26%
HALE	0 of 31 precinct reporting	5,631	6,999	1,598	2,155	104	155	36	67	0	0	9,376	18,997	49.36%
HALL	0 of 5 precinct reporting	670	967	113	156	5	7	5	10	0	0	1,140	1,926	59.19%
HAMILTON	0 of 12 precinct reporting	2,685	3,574	475	594	45	63	42	45	18	18	4,294	5,832	73.63%
HANSFORD	0 of 8 precinct reporting	1,230	1,844	104	158	10	21	5	5	0	0	2,028	3,009	67.40%
HARDEMAN	0 of 4 precinct reporting	834	1,313	161	232	5	9	1	1	0	0	1,555	2,486	62.55%
HARDIN	0 of 20 precinct reporting	19,387	23,516	2,925	3,388	277	393	61	87	0	0	27,384	39,952	68.54%
HARRIS	0 of 1,013 precinct reporting	627,044	718,228	759,511	854,158	22,739	29,217	9,883	12,889	30	33	1,614,525	2,480,522	65.09%
HARRISON	0 of 27 precinct reporting	18,278	21,231	6,596	7,612	329	440	83	101	0	0	29,384	45,933	63.97%
HARTLEY	0 of 7 precinct reporting	1,457	1,859	135	176	20	27	4	10	0	0	2,072	2,909	71.23%
HASKELL	0 of 5 precinct reporting	1,120	1,808	232	347	8	15	7	13	0	0	2,183	3,377	64.64%
HAYS	0 of 69 precinct reporting	44,139	49,539	50,878	55,597	2,091	2,595	653	814	1	1	108,546	152,840	71.02%
HEMPHILL	0 of 9 precinct reporting	999	1,465	139	197	12	22	4	9	0	0	1,693	2,355	71.89%
HENDERSON	0 of 28 precinct reporting	23,490	28,717	5,582	6,672	370	526	117	180	1	1	36,096	54,663	66.03%
HIDALGO	0 of 256 precinct reporting	71,441	84,284	101,271	116,962	3,860	5,072	2,353	3,119	33	46	209,483	391,309	53.53%
HILL	0 of 22 precinct reporting	7,559	11,845	1,894	2,688	106	196	54	98	0	0	14,827	23,625	62.76%
HOCKLEY	0 of 15 precinct reporting	5,069	6,449	1,084	1,384	77	124	14	28	2	3	7,988	13,781	57.96%
HOOD	0 of 16 precinct reporting	20,788	26,253	4,406	5,228	322	509	129	189	2	2	32,181	44,831	71.78%
HOPKINS	0 of 22 precinct reporting	10,175	12,497	2,351	2,833	166	236	57	81	0	0	15,647	23,954	65.32%
HOUSTON	0 of 22 precinct reporting	5,165	6,984	1,788	2,230	63	92	13	28	0	0	9,334	13,444	69.43%
HOWARD	0 of 27 precinct reporting	6,558	7,854	1,643	1,959	142	193	26	45	0	0	10,051	17,526	57.35%
HUDSPETH	0 of 5 precinct reporting	362	680	190	383	9	22	4	15	0	1	1,101	2,085	52.81%
HUNT	0 of 34 precinct reporting	21,045	28,888	6,417	8,319	389	628	143	223	0	0	38,058	59,367	64.11%
HUTCHINSON	0 of 9 precinct reporting	6,116	7,575	705	900	119	178	24	36	2	4	8,693	13,533	64.24%
IRION	0 of 5 precinct reporting	568	760	89	111	5	9	0	0	0	0	880	1,298	67.80%
JACK	0 of 7 precinct reporting	2,581	3,322	255	319	29	41	13	17	1	1	3,700	5,254	70.42%
JACKSON	0 of 10 precinct reporting	4,181	5,167	808	1,021	51	81	20	26	13	14	6,309	9,482	66.54%
JASPER	0 of 21 precinct reporting	10,001	12,312	2,393	2,851	120	180	33	42	3	4	15,389	23,374	65.84%
JEFF DAVIS	0 of 6 precinct reporting	602	767	400	483	18	30	6	6	0	0	1,286	1,670	77.01%
JEFFERSON	0 of 140 precinct reporting	41,766	46,928	39,467	44,112	1,095	1,418	376	464	2	4	92,926	149,372	62.21%
JIM HOGG	0 of 6 precinct reporting	400	652	882	1,136	15	30	16	26	0	0	1,844	3,800	48.53%
JIM WELLS	0 of 22 precinct reporting	5,035	6,957	4,628	6,025	109	170	66	108	0	0	13,260	26,636	49.78%
JOHNSON	0 of 36 precinct reporting	46,091	54,403	13,473	15,474	919	1,217	261	369	0	0	71,463	105,574	67.69%
JONES	0 of 12 precinct reporting	3,613	5,546	673	967	49	81	17	27	0	0	6,621	9,635	68.72%
KARNES	0 of 15 precinct reporting	2,644	3,833	896	1,178	34	58	15	20	0	0	5,089	8,359	60.88%
KAUFMAN	0 of 31 precinct reporting	31,935	37,649	15,306	17,507	746	961	266	352	2	2	56,471	81,901	68.95%
KENDALL	0 of 11 precinct reporting	18,211	20,584	4,928	5,335	295	374	71	99	0	0	26,392	33,836	78.00%
KENEDY	0 of 6 precinct reporting	70	107	37	57	3	4	1	1	0	0	169	296	57.09%
KENT	0 of 7 precinct reporting	260	386	47	53	2	4	0	2	0	0	445	592	75.17%
KERR	0 of 21 precinct reporting	18,155	21,022	5,342	5,946	329	446	93	128	1	1	27,543	37,726	73.01%
KIMBLE	0 of 8 precinct reporting	1,553	1,962	201	254	19	28	5	9	0	0	2,253	3,113	72.37%
KING	0 of 5 precinct reporting	104	149	2	5	0	0	0	0	0	0	154	183	84.15%
KINNEY	0 of 4 precinct reporting	902	1,070	334	395	19	25	9	13	5	5	1,508	2,270	66.43%
KLEBERG	0 of 18 precinct reporting	4,214	5,374	4,237	5,067	123	183	63	84	0	0	10,708	18,749	57.11%
KNOX	0 of 7 precinct reporting	612	1,147	149	263	2	15	0	5	1	1	1,431	2,391	59.85%
LAMAR	0 of 27 precinct reporting	12,707	16,476	3,592	4,295	202	279	71	101	11	14	21,165	32,390	65.34%
LAMB	0 of 12 precinct reporting	2,447	3,469	565	802	47	75	12	22	2	2	4,370	8,085	54.05%
LAMPASAS	0 of 10 precinct reporting	6,691	8,102	1,734	1,978	140	189	45	61	0	0	10,330	15,424	66.97%
LASALLE	0 of 5 precinct reporting	745	1,082	690	1,005	17	30	17	29	1	1	2,147	4,426	48.51%
LAVACA	0 of 20 precinct reporting	6,159	8,599	994	1,305	66	109	16	23	2	2	10,038	13,661	73.48%
LEE	0 of 16 precinct reporting	5,000	6,211	1,415	1,689	69	96	26	36	0	0	8,032	11,145	72.07%
LEON	0 of 18 precinct reporting	4,861	7,421	718	1,028	57	102	22	41	0	0	8,592	11,727	73.27%
LIBERTY	0 of 30 precinct reporting	19,165	22,743	4,520	5,662	351	477	93	127	0	0	29,009	46,155	62.85%
LIMESTONE	0 of 21 precinct reporting	4,960	6,656	1,689	2,112	96	122	47	77	0	0	8,967	13,963	64.22%
LIPSCOMB	0 of 7 precinct reporting	489	1,181	69	117	4	25	0	1	0	0	1,324	1,977	66.97%
LIVE OAK	0 of 15 precinct reporting	2,784	4,122	563	790	36	55	6	14	0	0	4,981	7,572	65.78%
LLANO	0 of 10 precinct reporting	8,933	10,047	2,157	2,331	122	171	40	47	0	0	12,596	16,688	75.48%
LOVING	0 of 5 precinct reporting	41	58	3	5	0	2	0	0	0	0	65	111	58.56%
LUBBOCK	0 of 98 precinct reporting	70,714	79,459	32,037	36,319	2,355	3,018	530	702	6	6	119,504	183,320	65.19%
LYNN	0 of 15 precinct reporting	1,023	1,817	223	411	16	25	2	10	0	0	2,263	4,028	56.18%
MCCULLOCH	0 of 4 precinct reporting	2,201	2,843	382	460	44	63	11	19	0	0	3,385	5,361	63.14%
MCLENNAN	0 of 92 precinct reporting	48,573	60,036	28,689	33,439	1,409	2,015	440	636	3	3	96,129	149,461	64.32%
MCMULLEN	0 of 5 precinct reporting	337	454	21	43	1	2	0	1	0	0	500	706	70.82%
MADISON	0 of 5 precinct reporting	3,400	4,118	876	1,030	40	61	12	14	0	0	5,223	7,822	66.77%
MARION	0 of 10 precinct reporting	2,570	3,380	1,004	1,276	57	85	13	17	0	0	4,758	7,596	62.64%
MARTIN	0 of 6 precinct reporting	1,443	1,811	196	263	20	27	8	11	0	0	2,112	3,467	60.92%
MASON	0 of 5 precinct reporting	1,654	1,980	395	443	19	25	6	7	0	0	2,455	3,168	77.49%
MATAGORDA	0 of 19 precinct reporting	7,684	9,647	2,905	3,551	156	222	46	62	0	0	13,482	22,026	61.21%
MAVERICK	0 of 14 precinct reporting	4,114	5,708	6,187	7,956	170	269	213	349	5	7	14,289	33,050	43.23%
MEDINA	0 of 8 precinct reporting	13,823	15,594	5,470	6,207	252	313	79	96	2	2	22,212	33,763	65.79%
MENARD	0 of 7 precinct reporting	623	797	155	189	2	10	3	4	0	0	1,000	1,469	68.07%
MIDLAND	0 of 45 precinct reporting	38,985	45,733	9,778	11,417	892	1,162	139	216	0	0	58,528	90,392	64.75%
MILAM	0 of 12 precinct reporting	6,583	7,759	2,026	2,382	98	136	42	54	0	0	10,331	15,838	65.23%
MILLS	0 of 8 precinct reporting	1,694	2,196	209	252	28	30	6	9	0	0	2,487	3,429	72.53%
MITCHELL	0 of 7 precinct reporting	1,565	2,129	266	359	29	40	7	12	0	0	2,540	4,524	56.15%
MONTAGUE	0 of 16 precinct reporting	6,975	8,526	887	1,051	96	135	34	47	0	0	9,759	14,001	69.70%
MONTGOMERY	0 of 101 precinct reporting	169,512	194,528	60,492	68,254	3,713	4,844	901	1,208	4	4	268,838	370,060	72.65%
MOORE	0 of 8 precinct reporting	3,134	4,314	534	999	53	102	13	32	0	0	5,447	9,995	54.50%
MORRIS	0 of 9 precinct reporting	2,748	3,753	1,273	1,639	39	66	11	21	1	2	5,481	8,583	63.86%
MOTLEY	0 of 7 precinct reporting	399	591	32	44	1	3	0	0	0	0	638	859	74.27%
NACOGDOCHES	0 of 26 precinct reporting	14,218	17,370	7,510	8,487	366	476	124	163	1	3	26,499	38,786	68.32%
NAVARRO	0 of 30 precinct reporting	10,012	13,701	3,644	4,821	217	315	68	125	0	0	18,962	29,959	63.29%
NEWTON	0 of 23 precinct reporting	3,169	4,784	823	1,163	31	47	12	23	0	0	6,017	9,400	64.01%
NOLAN	0 of 10 precinct reporting	2,685	4,102	770	1,077	49	84	7	18	0	0	5,281	8,871	59.53%
NUECES	0 of 128 precinct reporting	56,274	64,558	50,736	57,180	1,957	2,564	756	997	15	15	125,314	211,652	59.21%
OCHILTREE	0 of 5 precinct reporting	2,002	2,783	184	278	24	36	5	8	1	1	3,106	5,192	59.82%
OLDHAM	0 of 8 precinct reporting	574	908	37	74	6	9	1	5	0	0	996	1,425	69.89%
ORANGE	0 of 35 precinct reporting	24,372	28,720	5,361	6,249	433	572	117	140	12	12	35,693	54,442	65.56%
PALO PINTO	0 of 28 precinct reporting	7,616	9,999	1,685	2,028	156	231	52	70	0	0	12,328	18,946	65.07%
PANOLA	0 of 20 precinct reporting	6,426	9,145	1,476	2,015	70	109	14	30	1	4	11,303	16,808	67.25%
PARKER	0 of 44 precinct reporting	53,070	61,705	10,395	11,919	1,178	1,568	251	325	2	3	75,520	103,999	72.62%
PARMER	0 of 10 precinct reporting	1,097	2,132	198	454	6	28	0	13	0	0	2,627	4,537	57.90%
PECOS	0 of 10 precinct reporting	2,577	3,081	1,153	1,376	50	79	24	32	1	1	4,569	8,323	54.90%
POLK	0 of 22 precinct reporting	15,002	17,735	4,501	5,237	334	426	90	133	0	0	23,531	40,520	58.07%
POTTER	0 of 25 precinct reporting	18,534	22,683	7,415	9,168	519	738	159	247	0	0	32,836	57,736	56.87%
PRESIDIO	0 of 8 precinct reporting	488	651	1,176	1,374	20	29	24	37	0	0	2,091	4,789	43.66%
RAINS	0 of 9 precinct reporting	4,216	5,060	663	789	52	81	19	26	0	0	5,956	8,320	71.59%
RANDALL	0 of 23 precinct reporting	44,716	51,116	10,153	11,618	1,016	1,348	177	234	4	6	64,322	93,313	68.93%
REAGAN	0 of 5 precinct reporting	721	893	119	154	10	13	7	9	0	0	1,069	1,879	56.89%
REAL	0 of 6 precinct reporting	1,352	1,626	243	286	15	19	4	8	0	0	1,939	2,702	71.76%
RED RIVER	0 of 20 precinct reporting	3,216	4,452	959	1,191	30	58	16	31	0	0	5,732	8,489	67.52%
REEVES	0 of 12 precinct reporting	1,411	1,983	1,072	1,337	42	73	24	43	0	0	3,436	7,558	45.46%
REFUGIO	0 of 11 precinct reporting	1,581	2,073	765	1,023	34	52	14	24	0	1	3,173	5,007	63.37%
ROBERTS	0 of 5 precinct reporting	348	526	9	15	3	4	0	0	0	0	545	680	80.15%
ROBERTSON	0 of 16 precinct reporting	4,565	5,590	1,804	2,244	82	118	26	36	1	1	7,989	11,844	67.45%
ROCKWALL	0 of 18 precinct reporting	33,772	37,584	13,761	15,009	712	932	243	257	0	0	53,782	71,102	75.64%
RUNNELS	0 of 11 precinct reporting	2,737	3,722	374	515	44	66	10	25	0	0	4,328	7,025	61.61%
RUSK	0 of 23 precinct reporting	12,300	16,367	3,524	4,455	181	277	46	78	1	2	21,179	32,388	65.39%
SABINE	0 of 9 precinct reporting	3,682	4,678	559	688	34	46	16	23	2	2	5,437	8,050	67.54%
SAN AUGUSTINE	0 of 12 precinct reporting	2,049	2,898	759	928	22	39	9	12	0	0	3,877	6,108	63.47%
SAN JACINTO	0 of 12 precinct reporting	8,071	9,808	1,901	2,268	175	224	47	63	0	0	12,363	18,969	65.17%
SAN PATRICIO	0 of 26 precinct reporting	13,795	16,174	7,298	8,494	365	487	127	161	0	0	25,316	43,248	58.54%
SAN SABA	0 of 4 precinct reporting	1,567	2,218	215	270	2	9	1	3	0	0	2,500	3,776	66.21%
SCHLEICHER	0 of 5 precinct reporting	734	927	146	191	8	10	3	4	0	0	1,132	1,709	66.24%
SCURRY	0 of 12 precinct reporting	3,888	4,870	630	805	53	89	22	32	0	1	5,797	9,489	61.09%
SHACKELFORD	0 of 8 precinct reporting	1,138	1,475	85	115	5	14	3	3	0	0	1,607	2,320	69.27%
SHELBY	0 of 15 precinct reporting	5,360	7,868	1,497	2,022	48	75	15	27	0	0	9,992	15,570	64.17%
SHERMAN	0 of 5 precinct reporting	604	889	69	88	4	7	0	2	1	1	987	1,520	64.93%
SMITH	0 of 74 precinct reporting	61,127	69,574	24,903	28,385	1,106	1,484	336	443	1	1	99,887	146,149	68.35%
SOMERVELL	0 of 4 precinct reporting	3,545	4,103	622	712	61	78	21	27	1	1	4,921	6,712	73.32%
STARR	0 of 10 precinct reporting	4,671	5,845	6,858	8,161	288	357	307	387	1	1	14,751	34,050	43.32%
STEPHENS	0 of 9 precinct reporting	2,622	3,312	312	374	23	32	13	17	0	0	3,735	5,672	65.85%
STERLING	0 of 4 precinct reporting	437	567	33	47	1	2	2	5	0	0	621	939	66.13%
STONEWALL	0 of 4 precinct reporting	432	586	95	122	3	3	2	3	0	0	714	953	74.92%
SUTTON	0 of 5 precinct reporting	1,033	1,204	262	305	5	10	8	10	0	0	1,529	2,449	62.43%
SWISHER	0 of 9 precinct reporting	1,375	1,795	335	464	26	44	8	15	0	1	2,319	3,941	58.84%
TARRANT	0 of 730 precinct reporting	371,234	423,117	339,385	382,408	12,712	16,443	4,786	6,130	16	18	828,116	1,212,524	68.30%
TAYLOR	0 of 35 precinct reporting	32,806	39,887	11,205	13,074	878	1,209	228	309	4	4	54,483	83,696	65.10%
TERRELL	0 of 5 precinct reporting	248	324	96	116	5	5	3	3	2	2	450	673	66.86%
TERRY	0 of 8 precinct reporting	2,217	2,731	551	714	47	63	10	16	0	0	3,524	6,589	53.48%
THROCKMORTON	0 of 6 precinct reporting	479	788	44	76	4	7	1	3	0	0	874	1,216	71.88%
TITUS	0 of 19 precinct reporting	5,889	7,426	2,104	2,748	103	152	35	50	0	0	10,376	17,666	58.73%
TOM GREEN	0 of 35 precinct reporting	23,661	32,340	8,982	11,371	535	876	144	234	2	2	44,823	70,086	63.95%
TRAVIS	0 of 248 precinct reporting	155,685	175,860	383,785	408,528	9,633	12,006	3,396	4,191	17	24	600,609	854,577	70.28%
TRINITY	0 of 20 precinct reporting	4,216	5,445	970	1,258	46	79	22	30	0	0	6,812	11,541	59.02%
TYLER	0 of 18 precinct reporting	5,448	7,916	1,086	1,400	98	154	37	53	0	0	9,523	14,556	65.42%
UPSHUR	0 of 22 precinct reporting	12,529	15,470	2,379	2,804	217	320	38	55	4	4	18,653	28,619	65.18%
UPTON	0 of 5 precinct reporting	889	1,147	126	160	14	18	9	11	0	0	1,336	2,207	60.53%
UVALDE	0 of 14 precinct reporting	4,532	5,968	3,264	3,821	147	192	67	99	2	2	10,082	17,420	57.88%
VAL VERDE	0 of 17 precinct reporting	6,816	8,103	5,513	6,430	194	252	115	170	12	13	14,968	28,927	51.74%
VAN ZANDT	0 of 19 precinct reporting	14,685	22,010	2,362	3,374	163	282	52	107	4	9	25,782	38,965	66.17%
VICTORIA	0 of 35 precinct reporting	18,834	23,144	8,257	9,834	375	524	125	172	15	18	33,692	56,612	59.51%
WALKER	0 of 17 precinct reporting	12,661	15,480	6,276	7,414	314	449	96	133	1	1	23,477	35,038	67.00%
WALLER	0 of 21 precinct reporting	12,164	14,219	6,527	7,725	283	394	85	120	0	0	22,458	35,116	63.95%
WARD	0 of 9 precinct reporting	2,442	3,138	547	725	39	61	11	16	1	1	3,941	6,880	57.28%
WASHINGTON	0 of 22 precinct reporting	10,769	12,988	3,447	4,017	158	223	35	51	1	1	17,280	23,947	72.16%
WEBB	0 of 70 precinct reporting	17,885	23,153	32,304	40,822	914	1,246	732	1,103	46	69	66,393	137,840	48.17%
WHARTON	0 of 13 precinct reporting	10,420	11,832	3,787	4,513	165	204	59	70	1	2	16,621	25,697	64.68%
WHEELER	0 of 11 precinct reporting	1,457	2,079	118	165	17	26	6	11	0	0	2,281	3,514	64.91%
WICHITA	0 of 62 precinct reporting	26,275	31,626	10,229	12,399	699	997	183	259	0	0	45,281	83,575	54.18%
WILBARGER	0 of 5 precinct reporting	2,911	3,473	705	874	43	54	11	18	0	0	4,419	8,196	53.92%
WILLACY	0 of 17 precinct reporting	1,363	2,183	1,985	2,968	46	85	29	53	0	0	5,289	12,804	41.31%
WILLIAMSON	0 of 58 precinct reporting	126,717	142,391	123,747	133,783	4,939	6,123	1,190	1,492	17	18	283,807	376,672	75.35%
WILSON	0 of 17 precinct reporting	15,178	18,327	5,166	5,943	233	309	88	118	0	0	24,697	35,036	70.49%
WINKLER	0 of 6 precinct reporting	1,172	1,714	251	338	18	30	6	12	0	2	2,096	4,013	52.23%
WISE	0 of 26 precinct reporting	22,641	26,630	3,954	4,644	421	563	113	162	0	0	31,999	45,643	70.11%
WOOD	0 of 14 precinct reporting	16,061	18,757	2,930	3,318	230	306	65	87	2	2	22,470	32,382	69.39%
YOAKUM	0 of 7 precinct reporting	1,780	2,153	285	387	28	38	15	21	0	0	2,599	4,407	58.97%
YOUNG	0 of 10 precinct reporting	6,057	6,996	822	967	94	120	20	26	0	0	8,109	11,769	68.90%
ZAPATA	0 of 8 precinct reporting	931	1,454	1,195	1,821	27	52	23	50	0	0	3,377	8,257	40.90%
ZAVALA	0 of 6 precinct reporting	751	1,232	1,940	2,633	36	72	29	57	0	0	3,994	8,066	49.52%