ANDERSON	23 of 23 precinct reporting	11,036	14,897	3,089	3,773	168	245	67	88	1	4	19,007	29,274	64.93%
ANDREWS	5 of 5 precinct reporting	4,005	4,888	642	679	73	107	14	20	0	0	5,694	10,272	55.43%
ANGELINA	43 of 43 precinct reporting	20,639	24,955	7,361	8,765	335	460	118	160	9	17	34,357	53,166	64.62%
ARANSAS	6 of 6 precinct reporting	8,227	9,161	2,479	2,711	140	177	54	67	0	0	12,116	18,306	66.19%
ARCHER	12 of 12 precinct reporting	3,165	4,178	368	467	35	65	13	14	0	0	4,724	6,538	72.25%
ARMSTRONG	8 of 8 precinct reporting	779	1,025	51	64	8	12	4	5	0	0	1,106	1,498	73.83%
ATASCOSA	25 of 25 precinct reporting	9,734	11,889	4,589	5,576	188	257	87	142	0	0	17,864	29,409	60.74%
AUSTIN	18 of 18 precinct reporting	9,047	11,294	2,260	2,732	153	211	38	57	2	3	14,297	20,293	70.45%
BAILEY	5 of 5 precinct reporting	1,016	1,396	233	382	12	28	5	11	0	0	1,817	3,539	51.34%
BANDERA	11 of 11 precinct reporting	8,619	9,950	2,101	2,291	179	234	37	55	0	0	12,530	17,098	73.28%
BASTROP	23 of 23 precinct reporting	16,975	20,439	13,505	15,047	561	757	156	208	2	2	36,453	52,096	69.97%
BAYLOR	5 of 5 precinct reporting	1,196	1,447	137	174	18	29	4	8	0	1	1,659	2,408	68.90%
BEE	18 of 18 precinct reporting	4,520	5,708	2,572	3,094	126	171	42	58	5	10	9,041	16,033	56.39%
BELL	49 of 49 precinct reporting	54,424	68,118	45,741	53,489	1,840	2,687	520	719	4	5	125,018	215,974	57.89%
BEXAR	767 of 767 precinct reporting	277,734	314,896	365,778	404,482	11,794	14,896	4,828	6,186	328	424	740,884	1,189,373	62.29%
BLANCO	7 of 7 precinct reporting	4,635	5,441	1,667	1,812	81	103	22	30	3	5	7,391	9,344	79.10%
BORDEN	8 of 8 precinct reporting	290	388	11	17	0	0	1	2	0	0	407	499	81.56%
BOSQUE	12 of 12 precinct reporting	5,228	7,341	1,130	1,483	77	121	38	60	0	1	9,006	12,724	70.78%
BOWIE	43 of 43 precinct reporting	20,577	26,848	8,772	10,344	336	471	96	142	0	0	37,805	61,407	61.56%
BRAZORIA	67 of 67 precinct reporting	81,451	90,214	53,556	58,334	2,447	3,009	734	875	4	5	152,437	224,256	67.97%
BRAZOS	99 of 99 precinct reporting	41,430	49,271	27,828	32,005	1,635	2,239	337	459	0	0	83,974	122,137	68.75%
BREWSTER	9 of 9 precinct reporting	1,986	2,447	1,858	2,160	77	113	24	35	2	6	4,761	7,524	63.28%
BRISCOE	6 of 6 precinct reporting	392	625	52	78	2	6	2	5	0	0	714	1,025	69.66%
BROOKS	6 of 6 precinct reporting	566	859	1,130	1,425	31	39	18	33	0	0	2,356	5,521	42.67%
BROWN	19 of 19 precinct reporting	10,582	13,465	1,577	1,960	174	249	43	58	0	0	15,732	23,954	65.68%
BURLESON	14 of 14 precinct reporting	5,076	6,593	1,393	1,708	97	142	26	42	0	0	8,485	12,440	68.21%
BURNET	21 of 21 precinct reporting	15,666	18,642	4,659	5,299	318	436	58	91	0	0	24,468	33,697	72.61%
CALDWELL	32 of 32 precinct reporting	6,604	7,975	5,369	6,325	199	270	76	100	8	12	14,682	25,945	56.59%
CALHOUN	26 of 26 precinct reporting	3,847	5,530	1,701	2,089	61	100	12	22	0	0	7,741	13,080	59.18%
CALLAHAN	8 of 8 precinct reporting	4,745	5,886	564	680	77	106	25	39	0	0	6,711	9,773	68.67%
CAMERON	104 of 104 precinct reporting	38,954	46,289	52,212	61,202	1,361	1,789	1,031	1,427	2	2	110,709	218,910	50.57%
CAMP	5 of 5 precinct reporting	3,106	3,597	1,123	1,357	36	57	14	22	0	1	5,034	7,904	63.69%
CARSON	9 of 9 precinct reporting	1,657	2,725	204	278	28	63	1	5	2	3	3,074	4,345	70.75%
CASS	19 of 19 precinct reporting	8,294	10,746	2,154	2,655	99	153	34	52	0	0	13,606	20,889	65.13%
CASTRO	9 of 9 precinct reporting	845	1,571	244	432	8	24	6	13	0	0	2,040	3,853	52.95%
CHAMBERS	15 of 15 precinct reporting	15,164	17,027	3,250	3,786	330	418	88	111	0	0	21,342	30,709	69.50%
CHEROKEE	25 of 25 precinct reporting	11,742	14,907	3,359	4,046	194	268	42	59	0	0	19,280	29,166	66.10%
CHILDRESS	5 of 5 precinct reporting	1,531	1,919	217	280	19	29	9	11	0	0	2,239	3,658	61.21%
CLAY	17 of 17 precinct reporting	3,588	4,955	474	632	45	69	16	27	10	11	5,694	7,959	71.54%
COCHRAN	4 of 4 precinct reporting	521	761	125	183	10	22	5	8	1	1	975	1,771	55.05%
COKE	5 of 5 precinct reporting	1,084	1,537	128	170	10	22	1	3	0	0	1,732	2,414	71.75%
COLEMAN	5 of 5 precinct reporting	3,094	3,583	368	425	28	37	14	16	0	0	4,061	5,960	68.14%
COLLIN	240 of 240 precinct reporting	240,366	260,790	191,731	204,276	7,115	8,421	2,265	2,678	0	0	476,165	648,670	73.41%
COLLINGSWORTH	8 of 8 precinct reporting	713	1,032	104	145	5	10	2	4	0	1	1,192	1,942	61.38%
COLORADO	5 of 5 precinct reporting	5,851	7,336	2,006	2,345	78	114	31	43	0	0	9,838	14,378	68.42%
COMAL	30 of 30 precinct reporting	56,921	63,043	20,474	22,133	1,382	1,740	322	412	2	2	87,330	115,876	75.37%
COMANCHE	15 of 15 precinct reporting	3,888	5,053	656	830	59	90	15	30	0	0	6,003	9,562	62.78%
CONCHO	9 of 9 precinct reporting	634	1,029	128	193	13	20	2	5	0	0	1,247	1,757	70.97%
COOKE	30 of 30 precinct reporting	10,978	15,498	2,354	2,995	190	277	44	85	0	0	18,855	27,268	69.15%
CORYELL	16 of 16 precinct reporting	12,445	15,331	6,094	7,096	439	605	111	149	1	1	23,182	41,450	55.93%
COTTLE	5 of 5 precinct reporting	397	534	84	110	5	7	2	5	0	0	656	1,041	63.02%
CRANE	4 of 4 precinct reporting	886	1,213	157	229	16	24	8	13	0	0	1,479	2,663	55.54%
CROCKETT	5 of 5 precinct reporting	897	1,145	240	314	12	21	4	12	0	0	1,492	2,473	60.33%
CROSBY	5 of 5 precinct reporting	862	1,356	305	486	13	25	6	14	0	0	1,881	3,629	51.83%
CULBERSON	6 of 6 precinct reporting	239	367	264	385	9	19	3	6	1	1	778	1,709	45.52%
DALLAM	10 of 10 precinct reporting	878	1,368	127	199	12	21	3	5	0	0	1,593	3,046	52.30%
DALLAS	1,170 of 1,170 precinct reporting	284,476	330,284	494,549	559,587	12,109	15,860	6,369	8,264	0	0	913,995	1,398,469	65.36%
DAWSON	10 of 10 precinct reporting	2,260	2,827	518	738	36	60	8	14	0	2	3,641	7,104	51.25%
DEAF SMITH	5 of 5 precinct reporting	2,678	3,272	837	1,150	48	73	20	36	0	0	4,531	8,900	50.91%
DELTA	8 of 8 precinct reporting	1,452	2,107	303	370	19	31	16	22	0	0	2,530	3,949	64.07%
DENTON	186 of 186 precinct reporting	211,186	230,355	158,628	170,391	7,090	8,514	2,191	2,620	15	22	411,902	565,089	72.89%
DEWITT	10 of 10 precinct reporting	4,888	6,399	1,104	1,384	70	84	17	20	0	0	7,887	12,094	65.21%
DICKENS	7 of 7 precinct reporting	559	805	92	133	4	13	2	4	0	0	955	1,328	71.91%
DIMMIT	8 of 8 precinct reporting	825	1,274	1,511	2,122	25	39	14	30	1	3	3,468	7,341	47.24%
DONLEY	7 of 7 precinct reporting	1,006	1,418	124	181	13	22	1	4	0	0	1,625	2,322	69.98%
DUVAL	10 of 10 precinct reporting	1,312	1,785	2,024	2,456	60	97	66	77	0	0	4,415	8,346	52.90%
EASTLAND	10 of 10 precinct reporting	5,523	6,994	731	909	95	131	18	31	2	2	8,067	12,230	65.96%
ECTOR	41 of 41 precinct reporting	25,345	31,603	8,568	10,631	591	902	171	275	0	0	43,411	80,872	53.68%
EDWARDS	5 of 5 precinct reporting	610	824	112	143	9	14	2	3	0	1	985	1,499	65.71%
ELLIS	50 of 50 precinct reporting	50,069	57,007	22,917	25,734	1,261	1,587	453	583	5	7	84,918	120,188	70.65%
EL PASO	209 of 209 precinct reporting	62,562	76,859	133,211	156,169	5,847	8,006	4,152	5,881	0	0	246,915	488,470	50.55%
ERATH	22 of 22 precinct reporting	10,975	13,547	2,225	2,706	237	335	70	102	0	0	16,690	23,935	69.73%
FALLS	13 of 13 precinct reporting	2,361	4,157	1,241	1,787	43	76	6	19	0	0	6,039	10,361	58.29%
FANNIN	17 of 17 precinct reporting	8,635	11,816	2,026	2,542	160	272	49	80	1	1	14,711	22,199	66.27%
FAYETTE	27 of 27 precinct reporting	7,148	10,047	1,990	2,623	77	129	29	45	0	0	12,844	17,398	73.82%
FISHER	5 of 5 precinct reporting	1,015	1,418	256	351	16	28	2	7	0	0	1,804	2,646	68.18%
FLOYD	7 of 7 precinct reporting	1,302	1,552	308	395	16	29	5	10	0	0	1,986	3,850	51.58%
FOARD	5 of 5 precinct reporting	304	404	79	107	5	7	1	1	0	0	519	884	58.71%
FORT BEND	160 of 160 precinct reporting	147,461	160,841	165,270	178,664	4,490	5,350	1,774	2,109	3	3	346,967	482,368	71.93%
FRANKLIN	9 of 9 precinct reporting	3,211	4,106	628	752	44	63	7	12	0	1	4,934	7,061	69.88%
FREESTONE	16 of 16 precinct reporting	5,096	6,812	1,233	1,549	70	114	32	50	1	4	8,529	12,481	68.34%
FRIO	10 of 10 precinct reporting	1,658	2,479	1,699	2,279	45	71	44	78	0	0	4,907	8,984	54.62%
GAINES	9 of 9 precinct reporting	4,502	5,087	446	545	55	76	14	18	0	0	5,726	9,701	59.02%
GALVESTON	93 of 93 precinct reporting	85,353	93,700	49,947	54,545	2,423	2,980	779	962	0	0	152,187	228,482	66.61%
GARZA	7 of 7 precinct reporting	1,043	1,372	164	225	4	11	4	7	0	0	1,615	2,681	60.24%
GILLESPIE	14 of 14 precinct reporting	9,810	12,522	2,645	2,985	138	200	25	39	1	1	15,747	20,404	77.18%
GLASSCOCK	5 of 5 precinct reporting	453	603	27	35	4	5	1	3	0	0	646	800	80.75%
GOLIAD	10 of 10 precinct reporting	2,164	2,995	646	835	25	43	5	14	8	12	3,899	5,766	67.62%
GONZALES	16 of 16 precinct reporting	4,454	5,556	1,401	1,734	55	89	27	41	1	1	7,421	12,629	58.76%
GRAY	8 of 8 precinct reporting	4,974	6,678	579	765	103	166	32	42	0	0	7,651	12,406	61.67%
GRAYSON	37 of 37 precinct reporting	37,103	43,350	11,859	13,668	749	996	208	288	0	0	58,302	86,740	67.21%
GREGG	22 of 22 precinct reporting	29,078	32,326	12,412	13,890	615	784	166	204	1	1	47,205	72,867	64.78%
GRIMES	15 of 15 precinct reporting	7,101	9,325	2,145	2,675	125	199	41	60	0	0	12,259	17,877	68.57%
GUADALUPE	72 of 72 precinct reporting	42,067	48,176	23,963	26,615	1,190	1,531	334	428	2	3	76,753	111,142	69.06%
HALE	31 of 31 precinct reporting	5,619	6,983	1,592	2,149	104	154	36	66	0	0	9,352	18,997	49.23%
HALL	5 of 5 precinct reporting	670	964	113	156	5	7	5	10	0	0	1,137	1,926	59.03%
HAMILTON	12 of 12 precinct reporting	2,684	3,572	474	593	45	63	42	45	1	1	4,274	5,832	73.29%
HANSFORD	8 of 8 precinct reporting	1,229	1,838	104	158	10	21	5	5	0	0	2,022	3,009	67.20%
HARDEMAN	4 of 4 precinct reporting	834	1,313	161	232	5	9	1	1	0	0	1,555	2,486	62.55%
HARDIN	20 of 20 precinct reporting	19,347	23,468	2,900	3,362	274	390	61	87	0	0	27,307	39,952	68.35%
HARRIS	1,013 of 1,013 precinct reporting	626,935	717,506	754,380	848,437	22,676	29,132	9,810	12,799	21	21	1,607,895	2,480,522	64.82%
HARRISON	27 of 27 precinct reporting	18,276	21,091	6,596	7,517	329	434	83	99	0	0	29,141	45,933	63.44%
HARTLEY	7 of 7 precinct reporting	1,455	1,857	135	176	20	27	4	10	0	0	2,070	2,909	71.16%
HASKELL	5 of 5 precinct reporting	1,117	1,805	232	347	8	15	7	13	0	0	2,180	3,377	64.55%
HAYS	69 of 69 precinct reporting	44,081	49,279	50,806	55,319	2,089	2,579	653	811	1	1	107,989	152,840	70.65%
HEMPHILL	9 of 9 precinct reporting	999	1,465	139	197	12	22	4	9	0	0	1,693	2,355	71.89%
HENDERSON	28 of 28 precinct reporting	23,486	28,625	5,580	6,660	368	522	117	179	0	0	35,986	54,663	65.83%
HIDALGO	256 of 256 precinct reporting	71,185	83,737	100,886	116,222	3,844	5,020	2,349	3,101	8	8	208,088	391,309	53.18%
HILL	22 of 22 precinct reporting	7,533	11,788	1,881	2,660	105	195	53	97	0	0	14,740	23,625	62.39%
HOCKLEY	15 of 15 precinct reporting	5,067	6,447	1,084	1,384	75	122	14	28	0	0	7,981	13,781	57.91%
HOOD	16 of 16 precinct reporting	20,536	26,001	4,371	5,193	311	498	129	189	0	2	31,883	44,831	71.12%
HOPKINS	22 of 22 precinct reporting	10,171	12,490	2,349	2,831	166	236	57	81	0	0	15,638	23,954	65.28%
HOUSTON	22 of 22 precinct reporting	5,159	6,985	1,751	2,193	62	91	13	28	1	2	9,299	13,444	69.17%
HOWARD	27 of 27 precinct reporting	6,398	7,680	1,604	1,915	139	190	26	44	5	5	9,834	17,526	56.11%
HUDSPETH	5 of 5 precinct reporting	362	673	190	443	9	21	4	15	0	1	1,153	2,085	55.30%
HUNT	34 of 34 precinct reporting	21,024	28,864	6,392	8,293	387	626	143	223	0	0	38,006	59,367	64.02%
HUTCHINSON	9 of 9 precinct reporting	6,098	7,555	698	892	117	175	24	36	2	4	8,662	13,533	64.01%
IRION	5 of 5 precinct reporting	568	760	89	111	5	9	0	0	0	0	880	1,298	67.80%
JACK	7 of 7 precinct reporting	2,580	3,319	255	319	29	41	13	17	1	1	3,697	5,254	70.37%
JACKSON	10 of 10 precinct reporting	4,181	5,058	807	1,003	51	76	20	26	3	4	6,167	9,482	65.04%
JASPER	21 of 21 precinct reporting	10,000	12,235	2,390	2,803	120	175	33	41	0	0	15,254	23,374	65.26%
JEFF DAVIS	6 of 6 precinct reporting	601	766	400	483	18	30	6	6	0	0	1,285	1,670	76.95%
JEFFERSON	140 of 140 precinct reporting	41,745	46,893	39,438	44,063	1,090	1,413	375	462	2	4	92,835	149,372	62.15%
JIM HOGG	6 of 6 precinct reporting	398	650	882	1,136	15	30	16	26	0	0	1,842	3,800	48.47%
JIM WELLS	22 of 22 precinct reporting	4,980	6,900	4,531	5,927	106	167	65	107	0	0	13,101	26,636	49.19%
JOHNSON	36 of 36 precinct reporting	46,065	54,306	13,455	15,431	916	1,212	261	368	0	0	71,317	105,574	67.55%
JONES	12 of 12 precinct reporting	3,593	5,506	665	958	48	80	17	27	0	0	6,571	9,635	68.20%
KARNES	15 of 15 precinct reporting	2,636	3,823	890	1,167	34	58	15	20	0	0	5,068	8,359	60.63%
KAUFMAN	31 of 31 precinct reporting	31,918	37,504	15,301	17,401	746	953	266	349	0	0	56,207	81,901	68.63%
KENDALL	11 of 11 precinct reporting	18,194	20,561	4,920	5,325	294	373	71	99	0	0	26,358	33,836	77.90%
KENEDY	6 of 6 precinct reporting	70	107	37	57	3	4	1	1	0	0	169	296	57.09%
KENT	7 of 7 precinct reporting	260	386	47	53	2	4	0	2	0	0	445	592	75.17%
KERR	21 of 21 precinct reporting	18,138	21,000	5,332	5,933	327	444	92	127	1	1	27,505	37,726	72.91%
KIMBLE	8 of 8 precinct reporting	1,553	1,962	201	254	19	28	5	9	0	0	2,253	3,113	72.37%
KING	5 of 5 precinct reporting	0	149	0	5	0	0	0	0	0	0	154	183	84.15%
KINNEY	4 of 4 precinct reporting	902	1,070	334	395	19	25	9	13	5	5	1,508	2,270	66.43%
KLEBERG	18 of 18 precinct reporting	4,261	5,421	4,280	5,110	124	184	63	84	2	2	10,801	18,749	57.61%
KNOX	7 of 7 precinct reporting	612	1,147	149	263	2	15	0	5	0	0	1,430	2,391	59.81%
LAMAR	27 of 27 precinct reporting	12,648	16,417	3,561	4,264	199	276	69	99	11	14	21,070	32,390	65.05%
LAMB	12 of 12 precinct reporting	2,443	3,463	560	794	47	74	12	22	1	1	4,354	8,085	53.85%
LAMPASAS	10 of 10 precinct reporting	6,675	8,086	1,725	1,969	139	188	45	61	0	0	10,304	15,424	66.80%
LASALLE	5 of 5 precinct reporting	745	1,082	690	1,005	17	30	17	29	0	0	2,146	4,426	48.49%
LAVACA	20 of 20 precinct reporting	6,157	8,597	994	1,305	66	109	16	23	2	2	10,036	13,661	73.46%
LEE	16 of 16 precinct reporting	5,000	6,203	1,412	1,685	69	96	26	36	0	0	8,020	11,145	71.96%
LEON	18 of 18 precinct reporting	4,860	7,420	717	1,027	57	102	22	41	0	0	8,590	11,727	73.25%
LIBERTY	30 of 30 precinct reporting	19,165	22,731	4,520	5,655	351	477	93	127	0	0	28,990	46,155	62.81%
LIMESTONE	21 of 21 precinct reporting	4,960	6,653	1,689	2,112	96	122	47	77	0	0	8,964	13,963	64.20%
LIPSCOMB	7 of 7 precinct reporting	489	1,180	69	117	4	25	0	1	0	0	1,323	1,977	66.92%
LIVE OAK	15 of 15 precinct reporting	2,783	4,121	563	790	36	55	6	14	0	0	4,980	7,572	65.77%
LLANO	10 of 10 precinct reporting	8,855	9,969	2,120	2,294	121	170	39	46	0	0	12,479	16,688	74.78%
LOVING	5 of 5 precinct reporting	41	58	3	5	1	3	0	0	0	0	66	111	59.46%
LUBBOCK	98 of 98 precinct reporting	70,495	79,160	31,861	36,088	2,348	3,002	526	695	6	6	118,951	183,320	64.89%
LYNN	15 of 15 precinct reporting	1,023	1,817	223	411	16	25	2	10	0	0	2,263	4,028	56.18%
MCCULLOCH	4 of 4 precinct reporting	2,195	2,837	382	460	44	63	11	19	0	0	3,379	5,361	63.03%
MCLENNAN	92 of 92 precinct reporting	48,454	59,916	28,574	33,319	1,404	2,010	440	636	3	3	95,884	149,461	64.15%
MCMULLEN	5 of 5 precinct reporting	337	454	21	43	1	2	0	1	0	0	500	706	70.82%
MADISON	5 of 5 precinct reporting	3,399	4,113	874	1,028	40	61	12	14	0	0	5,216	7,822	66.68%
MARION	10 of 10 precinct reporting	2,566	3,369	1,001	1,267	57	85	13	17	0	0	4,738	7,596	62.37%
MARTIN	6 of 6 precinct reporting	1,443	1,811	196	263	20	27	8	11	0	0	2,112	3,467	60.92%
MASON	5 of 5 precinct reporting	1,775	1,979	492	542	20	25	6	7	0	0	2,553	3,168	80.59%
MATAGORDA	19 of 19 precinct reporting	7,680	9,637	2,901	3,547	156	222	46	62	0	0	13,468	22,026	61.15%
MAVERICK	14 of 14 precinct reporting	4,114	5,708	6,189	7,958	170	269	213	349	5	7	14,291	33,050	43.24%
MEDINA	8 of 8 precinct reporting	13,784	15,548	5,441	6,171	250	311	79	96	2	2	22,128	33,763	65.54%
MENARD	7 of 7 precinct reporting	620	793	154	188	2	10	3	4	0	0	995	1,469	67.73%
MIDLAND	45 of 45 precinct reporting	38,850	45,584	9,714	11,348	890	1,160	139	215	0	0	58,307	90,392	64.50%
MILAM	12 of 12 precinct reporting	6,560	7,725	2,012	2,365	97	135	41	53	0	0	10,278	15,838	64.89%
MILLS	8 of 8 precinct reporting	1,691	2,193	209	252	28	30	6	9	0	0	2,484	3,429	72.44%
MITCHELL	7 of 7 precinct reporting	1,565	2,128	266	359	29	40	7	12	0	0	2,539	4,524	56.12%
MONTAGUE	16 of 16 precinct reporting	6,975	8,524	887	1,051	96	135	34	47	5	5	9,762	14,001	69.72%
MONTGOMERY	101 of 101 precinct reporting	169,404	194,368	60,404	68,142	3,709	4,840	899	1,206	3	3	268,559	370,060	72.57%
MOORE	8 of 8 precinct reporting	3,133	4,311	531	996	53	102	13	32	0	0	5,441	9,995	54.44%
MORRIS	9 of 9 precinct reporting	2,748	3,727	1,273	1,634	39	66	11	21	1	2	5,450	8,583	63.50%
MOTLEY	7 of 7 precinct reporting	399	591	32	44	1	3	0	0	0	0	638	859	74.27%
NACOGDOCHES	26 of 26 precinct reporting	14,197	17,349	7,504	8,481	366	476	123	162	1	3	26,471	38,786	68.25%
NAVARRO	30 of 30 precinct reporting	10,008	13,688	3,643	4,817	217	315	68	133	0	0	18,953	29,959	63.26%
NEWTON	23 of 23 precinct reporting	3,169	4,784	825	1,165	31	46	12	23	0	1	6,019	9,400	64.03%
NOLAN	10 of 10 precinct reporting	2,684	4,096	770	1,077	49	84	7	18	0	0	5,275	8,871	59.46%
NUECES	128 of 128 precinct reporting	56,148	64,418	50,589	57,013	1,949	2,556	751	991	10	10	124,988	211,652	59.05%
OCHILTREE	5 of 5 precinct reporting	2,001	2,782	184	278	24	36	5	8	1	1	3,105	5,192	59.80%
OLDHAM	8 of 8 precinct reporting	574	908	37	74	6	9	1	5	0	0	996	1,425	69.89%
ORANGE	35 of 35 precinct reporting	24,366	28,704	5,358	6,246	433	572	117	140	12	12	35,674	54,442	65.53%
PALO PINTO	28 of 28 precinct reporting	7,611	9,990	1,683	2,026	156	231	52	70	0	0	12,317	18,946	65.01%
PANOLA	20 of 20 precinct reporting	6,422	9,141	1,476	2,015	70	109	14	30	1	1	11,296	16,808	67.21%
PARKER	44 of 44 precinct reporting	53,053	61,235	10,387	11,721	1,178	1,562	251	322	2	3	74,843	103,999	71.97%
PARMER	10 of 10 precinct reporting	1,096	2,130	198	454	6	28	0	13	0	1	2,626	4,537	57.88%
PECOS	10 of 10 precinct reporting	2,575	3,079	1,150	1,373	50	79	24	32	1	1	4,564	8,323	54.84%
POLK	22 of 22 precinct reporting	14,943	17,668	4,468	5,202	332	424	90	133	0	0	23,427	40,520	57.82%
POTTER	25 of 25 precinct reporting	18,456	22,593	7,372	9,120	518	737	158	245	0	0	32,695	57,736	56.63%
PRESIDIO	8 of 8 precinct reporting	488	651	1,176	1,374	20	29	24	37	0	0	2,091	4,789	43.66%
RAINS	9 of 9 precinct reporting	4,212	5,052	663	788	52	81	19	26	0	0	5,947	8,320	71.48%
RANDALL	23 of 23 precinct reporting	44,536	50,926	10,105	11,567	1,013	1,343	176	233	4	6	64,075	93,313	68.67%
REAGAN	5 of 5 precinct reporting	721	893	119	154	10	13	7	9	0	0	1,069	1,879	56.89%
REAL	6 of 6 precinct reporting	1,352	1,626	243	286	15	19	4	8	0	0	1,939	2,702	71.76%
RED RIVER	20 of 20 precinct reporting	3,213	4,447	958	1,189	30	58	16	31	0	0	5,725	8,489	67.44%
REEVES	12 of 12 precinct reporting	1,411	1,978	1,072	1,337	42	72	24	43	0	0	3,430	7,558	45.38%
REFUGIO	11 of 11 precinct reporting	1,580	2,072	765	1,023	34	52	14	24	0	1	3,172	5,007	63.35%
ROBERTS	5 of 5 precinct reporting	348	526	9	15	3	4	0	0	0	0	545	680	80.15%
ROBERTSON	16 of 16 precinct reporting	4,550	5,575	1,792	2,232	82	118	25	34	1	1	7,960	11,844	67.21%
ROCKWALL	18 of 18 precinct reporting	36,012	39,824	15,338	16,600	745	928	267	323	29	29	57,704	71,102	81.16%
RUNNELS	11 of 11 precinct reporting	2,618	3,603	356	497	37	59	9	24	0	0	4,183	7,025	59.54%
RUSK	23 of 23 precinct reporting	12,281	16,346	3,519	4,450	179	275	46	78	1	2	21,151	32,388	65.31%
SABINE	9 of 9 precinct reporting	3,666	4,661	553	681	34	45	16	22	0	0	5,409	8,050	67.19%
SAN AUGUSTINE	12 of 12 precinct reporting	2,048	2,896	758	926	22	39	9	12	0	0	3,873	6,108	63.41%
SAN JACINTO	12 of 12 precinct reporting	8,068	9,803	1,897	2,264	175	224	47	63	0	0	12,354	18,969	65.13%
SAN PATRICIO	26 of 26 precinct reporting	13,775	16,151	7,292	8,482	364	486	127	161	0	0	25,280	43,248	58.45%
SAN SABA	4 of 4 precinct reporting	1,567	2,218	215	270	2	9	1	3	0	0	2,500	3,776	66.21%
SCHLEICHER	5 of 5 precinct reporting	733	926	146	191	8	10	3	4	0	0	1,131	1,709	66.18%
SCURRY	12 of 12 precinct reporting	3,886	4,865	630	805	53	89	22	32	0	1	5,792	9,489	61.04%
SHACKELFORD	8 of 8 precinct reporting	1,138	1,475	85	115	5	14	3	3	0	0	1,607	2,320	69.27%
SHELBY	15 of 15 precinct reporting	5,356	7,854	1,493	2,013	48	75	15	27	0	0	9,969	15,570	64.03%
SHERMAN	5 of 5 precinct reporting	604	888	69	88	4	7	0	2	1	1	986	1,520	64.87%
SMITH	74 of 74 precinct reporting	60,615	69,047	24,637	28,118	1,095	1,473	330	437	0	0	99,075	146,149	67.79%
SOMERVELL	4 of 4 precinct reporting	3,543	4,097	622	712	61	78	21	27	1	1	4,915	6,712	73.23%
STARR	10 of 10 precinct reporting	4,651	5,825	6,836	8,139	287	356	305	385	1	1	14,706	34,050	43.19%
STEPHENS	9 of 9 precinct reporting	2,622	3,312	311	373	23	32	13	17	0	0	3,734	5,672	65.83%
STERLING	4 of 4 precinct reporting	437	567	33	47	1	2	2	5	0	0	621	939	66.13%
STONEWALL	4 of 4 precinct reporting	432	586	95	122	3	3	2	3	0	0	714	953	74.92%
SUTTON	5 of 5 precinct reporting	1,033	1,204	262	305	5	10	8	10	0	0	1,529	2,449	62.43%
SWISHER	9 of 9 precinct reporting	1,373	1,792	335	464	26	44	8	15	0	1	2,316	3,941	58.77%
TARRANT	730 of 730 precinct reporting	364,688	416,208	332,814	375,316	12,566	16,267	4,702	6,034	11	13	813,838	1,212,524	67.12%
TAYLOR	35 of 35 precinct reporting	32,709	39,777	11,120	12,983	874	1,205	228	309	4	4	54,278	83,696	64.85%
TERRELL	5 of 5 precinct reporting	248	324	96	116	5	5	3	3	2	2	450	673	66.86%
TERRY	8 of 8 precinct reporting	2,217	2,728	551	714	47	63	10	15	0	0	3,520	6,589	53.42%
THROCKMORTON	6 of 6 precinct reporting	479	788	44	76	4	7	1	3	0	0	874	1,216	71.88%
TITUS	19 of 19 precinct reporting	5,889	7,419	2,104	2,744	103	152	35	50	0	0	10,365	17,666	58.67%
TOM GREEN	35 of 35 precinct reporting	23,520	32,149	8,881	11,259	534	873	141	231	2	2	44,514	70,086	63.51%
TRAVIS	248 of 248 precinct reporting	154,205	174,380	380,260	405,003	9,537	11,910	3,350	4,145	0	0	595,438	854,577	69.68%
TRINITY	20 of 20 precinct reporting	4,206	5,435	970	1,258	46	79	22	30	0	0	6,802	11,541	58.94%
TYLER	18 of 18 precinct reporting	5,390	7,819	1,077	1,385	97	152	37	53	0	0	9,409	14,556	64.64%
UPSHUR	22 of 22 precinct reporting	12,518	15,437	2,375	2,797	217	319	38	55	4	4	18,612	28,619	65.03%
UPTON	5 of 5 precinct reporting	887	1,145	125	159	14	18	9	11	0	0	1,333	2,207	60.40%
UVALDE	14 of 14 precinct reporting	4,519	5,955	3,256	3,813	147	192	67	99	2	2	10,061	17,420	57.76%
VAL VERDE	17 of 17 precinct reporting	6,280	7,567	5,196	6,113	162	220	109	164	12	13	14,077	28,927	48.66%
VAN ZANDT	19 of 19 precinct reporting	14,546	21,861	2,279	3,287	162	281	51	106	0	0	25,535	38,965	65.53%
VICTORIA	35 of 35 precinct reporting	18,817	23,045	8,244	9,728	373	518	125	170	15	18	33,479	56,612	59.14%
WALKER	17 of 17 precinct reporting	12,661	15,473	6,276	7,406	314	447	96	133	1	1	23,460	35,038	66.96%
WALLER	21 of 21 precinct reporting	12,127	14,162	6,488	7,672	282	392	84	119	0	0	22,345	35,116	63.63%
WARD	9 of 9 precinct reporting	2,440	3,136	547	723	39	61	11	16	1	1	3,937	6,880	57.22%
WASHINGTON	22 of 22 precinct reporting	10,763	12,979	3,444	4,013	156	221	35	51	1	1	17,265	23,947	72.10%
WEBB	70 of 70 precinct reporting	17,885	23,153	32,304	40,822	914	1,246	732	1,103	46	69	66,393	137,840	48.17%
WHARTON	13 of 13 precinct reporting	10,397	11,802	3,766	4,490	164	203	58	69	0	1	16,565	25,697	64.46%
WHEELER	11 of 11 precinct reporting	1,457	2,079	118	165	17	26	6	11	0	0	2,281	3,514	64.91%
WICHITA	62 of 62 precinct reporting	26,142	31,488	10,115	12,278	690	988	180	256	0	0	45,010	83,575	53.86%
WILBARGER	5 of 5 precinct reporting	2,907	3,469	703	872	43	54	11	18	0	0	4,413	8,196	53.84%
WILLACY	17 of 17 precinct reporting	1,359	2,179	1,974	2,957	46	85	29	53	0	0	5,274	12,804	41.19%
WILLIAMSON	58 of 58 precinct reporting	126,717	141,319	123,747	132,575	4,939	6,065	1,190	1,472	17	18	281,449	376,672	74.72%
WILSON	17 of 17 precinct reporting	15,177	18,324	5,164	5,940	232	308	88	118	0	0	24,690	35,036	70.47%
WINKLER	6 of 6 precinct reporting	1,172	1,714	251	338	18	30	6	12	0	0	2,094	4,013	52.18%
WISE	26 of 26 precinct reporting	22,605	26,587	3,932	4,621	420	562	113	162	0	0	31,932	45,643	69.96%
WOOD	14 of 14 precinct reporting	15,985	18,673	2,910	3,296	230	306	64	85	0	0	22,360	32,382	69.05%
YOAKUM	7 of 7 precinct reporting	1,778	2,151	284	386	28	38	15	21	0	0	2,596	4,407	58.91%
YOUNG	10 of 10 precinct reporting	6,055	6,999	823	969	94	120	20	26	0	0	8,114	11,769	68.94%
ZAPATA	8 of 8 precinct reporting	931	1,453	1,192	1,816	26	51	23	50	0	0	3,370	8,257	40.81%
ZAVALA	6 of 6 precinct reporting	751	1,232	1,940	2,633	36	72	29	57	0	0	3,994	8,066	49.52%